1 2
1 3
1 4
1 5
1 6
1 7
1 8
1 9
1 10
1 11
1 12
1 13
1 14
1 15
1 16
1 17
1 18
1 19
1 20
21 22
21 23
21 24
21 25
21 26
21 27
21 28
21 29
21 30
21 31
21 32
21 33
21 34
21 35
21 36
21 37
21 38
21 39
21 40
21 41
21 42
21 43
21 44
21 45
21 46
21 47
21 48
21 49
21 50
21 51
21 7
21 52
21 53
21 54
21 55
21 56
21 57
21 58
59 60
59 7
59 61
62 63
62 64
62 65
62 66
62 67
62 68
62 69
62 70
62 71
62 72
62 73
74 7
74 75
74 76
74 77
78 79
78 80
78 81
78 82
78 83
78 84
78 85
78 86
78 87
78 88
78 89
78 90
78 91
92 93
92 94
92 95
92 96
92 97
92 98
92 99
92 100
92 101
92 102
92 103
92 104
92 105
92 106
92 107
92 108
92 109
92 110
92 111
92 112
92 113
92 114
92 115
92 116
92 117
92 118
92 51
92 119
92 120
92 121
92 122
92 123
92 124
92 125
92 126
92 127
92 128
92 129
92 130
92 131
92 132
92 133
92 134
92 135
92 136
92 137
92 138
92 139
92 140
92 141
92 142
92 143
92 144
92 145
92 146
92 147
92 148
92 149
92 150
92 151
92 152
92 153
92 154
92 155
92 156
92 157
92 158
92 159
92 160
92 161
92 162
92 163
92 164
92 165
92 166
92 167
92 168
92 169
92 170
92 171
92 172
92 173
92 174
92 175
92 176
92 177
92 178
92 179
92 180
92 181
92 182
92 183
92 184
92 185
92 186
92 187
92 188
92 189
92 190
92 191
92 192
92 193
92 194
92 195
92 196
92 197
92 198
92 199
92 200
92 201
92 202
92 203
92 204
92 205
92 206
92 207
92 208
92 209
92 210
92 211
92 212
92 213
92 214
92 215
92 216
92 217
92 218
92 219
92 220
92 7
92 221
92 222
92 223
92 224
92 225
92 226
92 227
92 228
92 229
92 230
92 231
92 232
92 233
92 234
235 236
235 237
235 238
235 239
235 240
235 241
235 242
235 243
235 244
245 246
245 247
245 248
245 249
250 251
250 252
250 253
250 254
250 255
250 256
250 257
250 258
250 259
250 260
250 261
250 262
250 263
250 264
250 265
250 266
250 267
250 268
250 269
250 270
250 271
250 272
250 273
250 274
250 275
250 276
250 277
250 278
250 279
250 280
250 281
250 282
250 283
250 284
250 285
250 286
250 287
250 288
250 289
250 290
250 291
250 292
250 293
250 294
250 295
250 296
250 297
250 298
250 299
250 300
250 301
250 302
250 303
250 304
250 305
250 306
250 307
250 308
250 309
250 310
250 311
250 24
250 46
250 312
250 313
250 314
250 315
250 316
250 317
250 318
250 319
250 320
250 321
250 322
250 323
324 325
324 326
324 327
324 328
324 329
324 330
324 331
324 332
324 333
324 334
324 335
324 336
324 337
324 338
324 339
324 340
324 341
324 342
324 343
324 344
324 345
324 346
324 347
324 348
324 349
324 350
324 351
324 352
324 353
324 354
324 355
324 356
324 357
324 358
324 359
324 360
324 361
324 362
324 363
324 364
324 365
324 366
324 367
324 368
324 369
324 370
324 371
324 372
324 373
324 374
324 375
324 376
324 377
324 378
324 379
324 380
324 381
324 382
324 383
324 384
324 385
324 386
324 387
324 238
324 388
324 389
324 390
324 391
324 219
324 392
324 393
324 394
324 395
324 396
324 397
324 398
324 399
324 400
324 401
324 402
324 403
324 404
324 405
324 406
324 407
324 408
324 409
324 410
324 411
324 412
324 413
324 414
324 415
324 150
324 416
324 417
324 418
324 419
324 420
324 421
324 422
324 423
324 424
324 425
324 426
324 427
324 428
324 429
324 430
324 431
324 432
324 433
324 434
435 436
435 437
435 438
435 439
435 440
435 441
435 442
435 443
435 444
435 445
435 446
435 447
448 238
448 449
448 450
448 451
452 453
452 454
452 455
452 456
452 457
452 458
452 459
452 460
452 461
452 462
452 463
452 464
452 465
452 466
452 467
452 468
452 469
452 470
452 471
452 472
452 473
452 474
452 475
452 476
452 477
452 478
452 387
452 479
452 238
452 480
452 481
452 482
452 483
452 433
484 485
484 486
484 487
488 489
488 490
488 7
488 491
488 492
493 494
493 495
493 496
493 497
493 498
493 499
493 500
493 501
502 503
502 504
502 505
502 506
502 507
502 508
502 509
502 510
502 511
502 512
502 513
502 514
502 515
502 516
502 517
502 518
502 519
502 520
502 394
502 238
502 521
502 522
502 523
524 525
524 526
524 527
524 528
524 529
524 217
524 530
524 304
524 531
524 532
524 533
524 534
524 535
524 536
524 537
524 538
524 539
524 540
524 541
524 26
524 542
524 543
524 544
524 545
524 546
524 547
524 548
524 549
524 550
524 551
524 552
524 553
524 554
524 555
524 556
524 7
524 557
524 558
524 559
524 560
524 561
524 562
524 563
524 564
524 565
524 566
524 567
524 568
524 569
524 570
524 571
524 572
524 573
524 574
524 575
524 576
524 577
524 54
524 578
524 579
524 580
524 581
524 582
524 583
524 584
524 585
524 586
524 587
524 588
524 589
524 590
524 591
524 592
524 593
524 594
524 595
524 596
524 597
524 390
524 598
524 599
524 600
524 601
524 602
524 603
524 604
524 492
524 605
524 476
606 607
606 608
606 7
606 609
606 610
611 539
611 612
611 613
611 614
611 615
611 616
611 617
611 618
611 619
611 18
611 620
611 621
611 622
611 623
611 624
611 625
611 626
611 627
611 628
611 572
611 579
611 629
611 630
611 631
632 633
632 634
632 635
632 636
632 637
632 638
632 639
632 640
632 641
632 642
632 643
632 644
632 645
632 646
632 647
632 648
632 649
632 650
632 651
652 653
652 654
652 655
652 656
652 657
652 658
659 660
659 661
659 662
659 663
659 664
659 665
659 666
659 667
659 668
659 669
659 670
659 671
659 672
659 673
659 674
659 7
659 675
659 676
677 678
677 679
677 680
677 681
677 682
677 683
677 684
677 685
677 686
677 687
677 688
677 689
677 690
677 691
677 692
677 693
677 694
677 695
677 696
677 697
677 698
677 699
677 700
701 702
701 703
701 704
701 705
701 706
701 707
701 708
709 710
709 711
709 712
709 713
709 714
709 715
709 716
709 717
709 718
709 719
709 720
709 721
709 722
709 723
709 724
709 725
709 726
709 727
709 728
709 729
709 730
709 731
709 732
709 733
709 734
709 735
709 736
709 737
709 738
709 739
709 740
709 741
709 742
709 743
709 744
709 745
709 746
709 747
709 748
709 749
709 750
709 751
709 238
709 752
709 753
754 238
754 755
754 756
754 757
754 758
754 759
754 760
761 762
761 7
761 602
763 764
763 765
763 766
763 767
763 238
763 768
763 769
763 770
771 7
771 772
773 774
773 775
773 776
773 777
773 778
773 779
773 780
773 781
773 54
773 782
773 783
773 784
773 785
773 238
773 786
773 787
773 788
773 789
773 790
773 791
773 792
773 793
773 794
773 795
773 796
773 797
773 798
773 799
773 800
773 801
773 802
773 803
773 804
773 236
773 805
773 806
773 807
773 808
773 424
773 809
773 810
773 811
773 812
773 813
773 814
773 815
773 816
773 817
773 818
819 820
819 821
819 822
819 823
819 277
819 824
819 825
819 826
819 827
819 828
819 829
819 830
819 831
819 832
819 833
819 834
819 835
819 836
819 447
819 837
819 838
819 839
819 840
819 841
819 842
819 843
819 844
819 845
819 846
819 847
819 311
819 848
819 849
819 850
819 851
819 852
819 853
819 278
819 854
819 855
819 856
819 7
819 570
819 857
819 858
819 618
819 859
819 860
819 861
819 862
819 863
819 864
865 866
865 867
865 868
865 869
865 870
865 871
865 872
865 873
865 874
865 875
865 876
865 877
865 878
865 879
865 880
865 387
865 881
865 882
865 883
865 884
865 885
865 886
865 887
865 888
865 889
865 890
865 891
865 892
865 893
865 894
865 895
865 896
865 897
865 898
865 739
865 899
865 900
865 901
865 902
865 903
865 904
865 905
865 906
865 907
865 908
865 909
865 910
865 911
865 912
865 913
865 914
865 915
865 916
865 917
865 918
865 919
865 920
865 7
865 921
865 922
865 923
865 924
865 925
865 926
865 927
865 928
865 929
865 568
865 930
865 931
865 932
865 933
865 628
865 934
865 935
865 936
865 937
865 938
865 939
865 940
865 941
865 579
865 942
865 943
865 944
865 945
865 946
865 947
865 948
865 949
865 950
865 951
865 221
865 952
865 953
865 954
865 955
865 956
865 957
865 958
865 54
865 959
865 960
865 961
865 962
865 963
865 964
865 965
865 966
865 967
865 968
865 969
865 970
865 630
865 971
865 972
865 973
865 629
865 974
865 975
865 976
865 977
865 978
979 7
980 847
980 981
980 982
980 983
980 984
980 985
980 986
980 987
980 988
980 989
980 990
980 536
980 991
980 992
980 993
980 994
980 995
980 996
980 997
980 998
980 999
980 1000
980 1001
980 1002
980 1003
980 1004
980 1005
980 1006
980 1007
980 1008
980 1009
980 1010
980 1011
980 1012
980 1013
980 1014
980 1015
980 26
980 1016
980 794
980 1017
980 1018
980 303
980 264
980 1019
980 1020
980 809
980 1021
980 1022
980 1023
980 1024
980 1025
980 1026
980 1027
980 1028
980 1029
980 1030
980 1031
980 1032
980 1033
980 307
980 1034
980 1035
980 238
980 1036
980 1037
980 1038
980 1039
980 1040
980 1041
980 572
980 1042
980 1043
980 940
980 1044
980 1045
980 1046
980 1047
980 1048
980 1049
980 1050
980 1051
980 1052
980 1053
980 1054
980 1055
980 1056
980 1057
980 1058
980 1059
980 1060
980 1061
980 1062
980 1063
980 1064
980 1065
980 1066
980 1067
980 1068
980 1069
980 1070
980 1071
980 1072
980 1073
980 1074
980 1075
980 1076
980 1077
980 1078
980 1079
980 1080
980 1081
980 1082
980 1083
980 1084
980 1085
980 1086
980 1087
980 1088
980 1089
980 1090
980 1091
1092 1093
1092 1094
1092 1095
1092 248
1092 1096
1092 1097
1098 1099
1098 1100
1098 1101
1098 1102
1098 1103
1098 1104
1098 1105
1098 1106
1098 1107
1098 58
1098 219
1098 1108
1098 631
1098 238
1098 380
1098 1109
1110 1111
1110 1112
1110 238
1113 1114
1113 1115
1113 1116
1113 1117
1113 1118
1113 1119
1113 1120
1113 1121
1113 1122
1113 1123
1113 1124
1113 1125
1113 1126
1113 1127
1113 505
1128 1129
1128 1130
1128 1131
1128 1132
1128 1133
1128 1134
1128 443
1128 1135
1136 1137
1136 1138
1139 1140
1139 1141
1139 1142
1139 1143
1139 1144
1139 1145
1139 1146
1139 1147
1139 1148
1139 1149
1139 1150
1139 1151
1139 1152
1139 1153
1139 1154
1139 1155
1139 1156
1139 1157
1139 1158
1139 1159
1139 1160
1139 1161
1139 1162
1139 1163
1139 1164
1139 1165
1139 578
1139 1166
1139 1167
1139 1168
1139 600
1139 238
1139 1169
1139 1170
1139 220
1139 1171
1139 1172
1139 1173
1139 1174
1139 1175
1139 1176
1139 1177
1139 1178
1179 1180
1179 1181
1182 1183
1182 1184
1185 1186
1185 1187
1185 1188
1185 762
1185 238
1185 1189
1185 1190
1185 1191
1185 1192
1185 1193
1185 1194
1185 1195
1185 1196
1185 1197
1185 1198
1185 1199
1185 1200
1185 1201
1185 1202
1185 1203
1185 1204
1185 1205
1185 1206
1185 1207
1185 1208
1185 1209
1185 1210
1185 442
1185 313
1185 1211
1212 1213
1212 1214
1212 1215
1212 1216
1212 1217
1212 999
1212 56
1212 1218
1212 54
1212 238
1212 1219
1212 1220
1212 1221
1212 1222
1212 1223
1212 1010
1212 1224
1212 1225
1212 1226
1212 1227
1212 1228
1212 1229
1212 1230
1212 1231
1212 1232
1212 1233
1212 1234
1212 1235
1212 1236
1212 1237
1212 1238
1212 1239
1212 265
1212 1240
1212 1241
1212 1242
1212 1243
1212 1244
1212 1245
1212 1246
1212 1105
1212 1247
1212 1248
1212 767
1212 1249
1212 1250
1212 1251
1212 244
1212 1252
1212 1253
1212 1254
1212 1255
1212 1256
1212 1257
1212 1258
1212 1259
1212 514
1212 1260
1212 1261
1212 1262
1212 1263
1212 1264
1212 1265
1212 1266
1212 1267
1212 1268
1212 1269
1212 1270
1212 1271
1212 1272
1212 1273
1212 1274
1212 1275
1212 1276
1212 1277
1212 1278
1212 1279
1212 1280
1212 1281
1212 780
1212 1282
1212 1283
1212 1284
1212 1285
1212 1286
1212 1287
1212 1288
1212 1289
1212 1290
1212 600
1212 379
1212 1291
1212 1292
1212 401
1212 1293
1212 1294
1212 682
1212 1295
1212 1296
1212 1297
1212 1298
1212 1299
1212 1300
1212 1301
1212 380
1212 1302
1212 1303
1212 1304
1212 1305
1212 1306
1212 1307
1212 1308
1212 1309
1212 1310
1212 1311
1212 1312
1212 1313
1212 1314
1212 1315
1212 1316
1212 1317
1212 1318
1212 1319
1212 1320
1212 1321
1212 1322
1212 1323
1212 1324
1212 1325
1212 1326
1212 1327
1212 1328
1212 1329
1212 1330
1212 1331
1212 1332
1212 1333
1212 1334
1212 1335
1212 1336
1212 1337
1212 1338
1212 1339
1212 1340
1212 1341
1212 1342
1212 1343
1212 1344
1212 1345
1212 1346
1212 1347
1212 1348
1212 1349
1212 1350
1212 1351
1212 1352
1212 1353
1212 1354
1212 1355
1212 1356
1212 1357
1212 1358
1212 1359
1212 1360
1212 1361
1212 1362
1212 1363
1212 1364
1212 1365
1212 1366
1212 1367
1212 1368
1212 1369
1212 1370
1212 1371
1372 1373
1372 1374
1372 1375
1372 1376
1372 1377
1372 1378
1372 1379
1372 1380
1372 1381
1372 1382
1372 1383
1372 1384
1372 1385
1372 1386
1372 1387
1372 1388
1372 238
1372 1389
1372 1390
1372 1125
1372 1391
1372 1392
1372 1393
1372 1394
1372 1395
1396 1397
1396 1398
1396 238
1396 1399
1396 1400
1401 1402
1401 1403
1401 1404
1401 653
1401 485
1401 1405
1406 238
1406 1407
1408 1409
1408 1410
1408 1411
1408 1412
1408 238
1413 1414
1413 1415
1413 1416
1413 1417
1413 1418
1413 1419
1413 150
1413 1420
1413 1421
1413 1422
1413 1423
1413 1424
1413 1425
1413 1426
1413 1427
1413 1428
1413 1429
1413 1430
1413 937
1413 1431
1413 1432
1413 1433
1413 1434
1413 1435
1413 1436
1413 1437
1413 1438
1413 1439
1413 1440
1413 1441
1413 1442
1413 1443
1413 1444
1413 1445
1413 1446
1413 1447
1413 1448
1413 1449
1413 1450
1413 1451
1413 1452
1413 1453
1413 1454
1413 1455
1413 1456
1413 1457
1413 1458
1413 1459
1413 1460
1413 1461
1413 1462
1413 1463
1413 1464
1413 1465
1413 1466
1413 1467
1413 1468
1413 1469
1413 1470
1413 1471
1413 1472
1413 1473
1413 1474
1413 1475
1413 238
1413 1476
1413 1477
1413 1478
1413 1479
1413 1480
1413 1481
1413 1482
1413 1483
1413 1484
1413 1339
1413 1485
1413 1486
1413 151
1413 1487
1413 1488
1413 1489
1413 1490
1413 1491
1413 1492
1413 1493
1413 1494
1413 271
1413 1495
1413 1496
1413 475
1413 1497
1413 54
1413 1498
1413 1499
1413 1500
1413 1501
1413 1502
1413 416
1413 1503
1413 1504
1413 579
1413 581
1413 1505
1413 1506
1413 1026
1413 19
1413 1507
1413 1508
1413 631
1413 1509
1413 1510
1413 1511
1413 1512
1413 1513
1413 1514
1413 1515
1413 1516
1413 1517
1413 1518
1413 1519
1413 1520
1413 1521
1413 1354
1413 1522
1413 1152
1413 1523
1413 1524
1413 1525
1413 1526
1413 1527
1413 998
1413 418
1413 1528
1413 1529
1413 1530
1413 1531
1413 1532
1413 1533
1413 1534
1413 1535
1413 1536
1413 1537
1413 1538
1413 1539
1413 1540
1413 1109
1413 1541
1413 1542
1413 1543
1413 1544
1413 1545
1413 1546
1413 1547
1413 1548
1413 1549
1413 1550
1413 946
1413 1551
1413 1552
1413 1553
1413 1554
1413 1555
1413 1556
1413 1557
1558 1559
1558 1560
1558 1561
1558 7
1558 1562
1558 1563
1564 1565
1564 1566
1564 1567
1564 1568
1564 1569
1564 1570
1564 1571
1564 1572
1564 1573
1564 1574
1564 1575
1564 1465
1564 1576
1564 1577
1564 416
1564 1578
1564 1579
1564 1580
1564 1581
1564 1582
1564 1583
1584 1585
1584 1586
1584 1587
1584 1588
1584 1589
1584 1590
1584 1591
1584 1592
1584 1593
1584 1594
1584 1595
1584 1596
1584 1597
1584 1598
1584 1599
1584 1600
1584 1601
1584 1602
1584 1603
1584 1604
1584 1605
1584 1606
1584 1607
1584 1608
1584 1609
1584 1610
1584 1611
1584 1612
1584 1613
1584 1614
1584 1615
1584 1616
1584 1617
1584 1618
1584 1619
1584 1620
1584 1621
1584 1622
1584 1623
1584 1624
1584 1625
1584 1626
1584 1627
1584 1628
1584 1629
1584 1630
1584 1631
1584 1632
1633 1634
1633 1635
1633 1636
1633 1151
1633 1637
1633 1638
1633 1639
1633 1640
1633 1641
1633 1642
1633 1643
1633 1644
1633 1645
1633 1646
1633 1647
1633 600
1633 1648
1633 1649
1633 1650
1633 1651
1633 1197
1633 1652
1633 1653
1633 1654
1633 1655
1633 1656
1633 1657
1633 1658
1633 1659
1633 1660
1633 1661
1633 1662
1633 1663
1633 1664
1633 1665
1633 1666
1633 1667
1633 1668
1633 1669
1633 1670
1633 1671
1633 1672
1633 1673
1633 7
1633 1674
1633 1675
1633 1676
1633 1677
1633 1678
1633 1679
1633 475
1633 1680
1633 1681
1633 1682
1633 1683
1633 1684
1633 1685
1633 1686
1633 1687
1633 1688
1633 1689
1633 1690
1633 1691
1633 1692
1633 1693
1633 1694
1633 1695
1633 1696
1633 1697
1633 1698
1633 621
1633 1699
1633 1700
1633 1701
1633 1702
1633 1703
1633 1704
1633 1705
1633 1706
1633 1707
1633 1177
1633 1708
1633 1709
1633 1710
1633 1711
1633 917
1633 1712
1633 1713
1633 1714
1633 1715
1633 1716
1717 1718
1717 84
1717 1719
1717 1720
1717 1721
1717 1722
1717 1723
1717 1724
1717 1725
1717 1726
1717 1727
1717 1728
1717 1729
1717 1730
1717 1731
1717 1732
1717 1733
1717 1734
1717 1735
1717 1736
1717 1737
1717 219
1717 394
1717 1738
1717 396
1717 1739
1717 1740
1717 1741
1717 1742
1717 91
1717 1743
1717 1744
1717 7
1717 1745
1717 1746
1717 1747
1717 307
1717 1748
1717 1749
1717 1750
1717 56
1717 1751
1717 1752
1717 1753
1717 1754
1717 847
1717 24
1717 1755
1717 1756
1717 22
1757 1758
1757 1759
1757 1760
1757 1761
1757 1762
1757 1763
1757 1764
1757 1765
1757 1766
1757 238
1757 1767
1757 1768
1757 1769
1757 1770
1757 1771
1757 1772
1757 1773
1757 570
1757 1774
1757 1775
1757 1776
1757 1777
1757 1778
1757 1779
1757 1780
1757 1781
1757 1782
1757 1783
1757 1784
1757 1785
1757 1786
1757 1787
1757 1788
1757 1789
1757 1790
1757 1791
1757 1792
1757 774
1793 1794
1793 1795
1793 1796
1793 1797
1793 1798
1793 1799
1793 1800
1793 1801
1793 1802
1793 1803
1793 580
1793 1804
1793 665
1793 1805
1793 1806
1793 7
1793 1807
1793 602
1793 1808
1793 1809
1793 1810
1793 1811
1793 1812
1793 1813
1793 1814
1793 1815
1793 1816
1793 1817
1793 1818
1793 1819
1793 1820
1793 1821
1793 1822
1793 1823
1793 1824
1793 1825
1793 1826
1793 1827
1793 1828
1793 653
1793 1829
1793 1830
1793 635
1831 1832
1831 1833
1831 1834
1831 1835
1831 1836
1831 1837
1831 1838
1831 1839
1831 1840
1831 1841
1831 1842
1831 1843
1831 1844
1831 1845
1831 1846
1831 1847
1831 1848
1831 1849
1831 1850
1831 1851
1831 1852
1831 1853
1831 1854
1831 1855
1831 1856
1831 1857
1831 1858
1831 1859
1831 1860
1831 1861
1831 1862
1831 1863
1831 1864
1831 1865
1831 1866
1831 1867
1831 1868
1831 1869
1831 1870
1831 1871
1831 1872
1831 264
1831 653
1831 1873
1831 1874
1831 569
1831 221
1831 568
1831 1875
1831 1876
1831 1877
1831 1878
1831 1879
1831 1880
1831 1881
1831 1882
1831 1883
1831 1824
1831 1884
1831 1885
1831 1886
1831 1887
1888 1889
1888 1890
1888 1891
1888 1892
1888 1893
1888 7
1888 1794
1888 1894
1888 1895
1888 1896
1888 1897
1888 1898
1888 1899
1888 1900
1888 1901
1888 567
1888 1902
1888 1903
1888 1904
1888 1905
1888 1906
1888 1907
1888 478
1888 1908
1888 1909
1888 752
1910 549
1910 1911
1910 1912
1910 1913
1910 1914
1910 1915
1910 1916
1910 1917
1910 528
1910 618
1910 1918
1910 1919
1910 1920
1910 1921
1910 1922
1910 1885
1910 1923
1910 1924
1910 1925
1910 1926
1910 1927
1910 7
1910 561
1910 1928
1910 1929
1910 1930
1910 1931
1910 1932
1910 1933
1910 1934
1910 1935
1910 1936
1910 384
1910 1937
1910 1938
1910 1939
1910 580
1910 1940
1910 556
1910 1941
1910 1942
1910 1943
1910 1944
1910 1945
1910 1946
1910 1947
1910 1948
1910 1949
1910 1950
1910 1951
1910 1952
1910 1953
1910 1862
1910 592
1910 1954
1910 1955
1910 1956
1910 1957
1910 1958
1910 1959
1910 1960
1910 1961
1910 1962
1910 1963
1910 1964
1910 1965
1910 1966
1910 1967
1910 1968
1910 1969
1910 670
1910 1970
1910 56
1910 1971
1910 1972
1910 1973
1910 1974
1910 565
1910 1975
1910 1976
1910 1977
1910 862
1978 1979
1978 1980
1978 1981
1978 1982
1978 1983
1978 631
1978 65
1978 1984
1978 1985
1986 1987
1986 1988
1986 1989
1986 1990
1986 1991
1986 1992
1986 7
1993 1994
1993 1995
1993 1996
1993 1997
1993 1998
1993 1999
1993 2000
1993 2001
1993 2002
1993 2003
1993 2004
1993 2005
1993 2006
1993 2007
1993 2008
1993 2009
1993 2010
1993 2011
1993 2012
1993 2013
1993 2014
1993 2015
1993 2016
1993 2017
1993 2018
1993 2019
1993 2020
1993 2021
1993 2022
1993 2023
1993 2024
1993 2025
1993 2026
1993 2027
1993 2028
1993 2029
1993 2030
1993 2031
1993 2032
1993 2033
1993 2034
1993 2035
1993 2036
1993 2037
1993 2038
1993 1884
1993 2039
1993 2040
1993 2041
1993 2042
1993 2043
1993 2044
1993 2045
1993 2046
1993 2047
1993 2048
1993 2049
1993 2050
1993 2051
1993 2052
1993 2053
1993 2054
1993 2055
1993 2056
1993 2057
1993 2058
1993 2059
1993 2060
1993 2061
1993 2062
1993 2063
1993 2064
1993 2065
1993 2066
1993 2067
1993 2068
1993 2069
1993 2070
1993 2071
1993 2072
1993 2073
1993 2074
1993 2075
1993 2076
1993 2077
1993 2078
1993 2079
1993 2080
1993 2081
1993 2082
1993 2083
1993 2084
1993 2085
1993 858
1993 2086
1993 2087
1993 2088
1993 2089
1993 2090
1993 2091
1993 2092
1993 2093
1993 2094
1993 2095
1993 2096
1993 2097
1993 2098
1993 2099
1993 2100
1993 2101
1993 2102
1993 2103
1993 2104
1993 2105
1993 2106
1993 2107
1993 2108
1993 557
1993 2109
1993 2110
1993 2111
1993 2112
1993 2113
1993 2114
1993 2115
1993 2116
1993 2117
1993 2118
1993 2119
1993 2120
1993 2121
1993 1843
1993 2122
1993 2123
1993 2124
1993 2125
1993 2126
1993 2127
1993 7
1993 2128
1993 2129
1993 2130
1993 2131
1993 2132
1993 2133
1993 2134
1993 2135
1993 2136
1993 2137
1993 2138
1993 2139
1993 631
1993 2140
1993 2141
1993 2142
1993 1040
1993 2143
1993 2144
1993 2145
1993 2146
1993 2147
1993 2148
1993 2149
1993 2150
1993 2151
1993 2152
1993 2153
1993 2154
1993 2155
1993 2156
1993 2157
1993 2158
1993 2159
1993 2160
1993 2161
2162 2163
2162 2164
2162 2165
2162 2166
2162 238
2167 2168
2167 539
2167 2169
2167 2170
2167 2171
2167 2172
2167 2173
2167 2174
2167 2175
2167 2176
2167 2177
2167 1010
2167 2178
2167 782
2167 2179
2167 387
2167 2180
2167 1541
2167 2181
2167 2182
2167 26
2167 1645
2167 238
2167 136
2167 389
2167 2183
2167 2184
2167 572
2167 2185
2167 2186
2167 587
2167 2187
2167 401
2167 551
2167 2188
2167 2189
2167 271
2167 2190
2167 2191
2167 924
2167 475
2167 2192
2167 2193
2167 2194
2167 579
2167 2195
2167 2196
2167 2197
2167 2198
2167 2199
2167 2200
2167 2201
2167 582
2167 2202
2167 2203
2167 2204
2167 2205
2167 2206
2167 1290
2167 2207
2167 803
2167 2208
2167 629
2167 2209
2167 2210
2167 631
2167 390
2167 2211
2167 2212
2167 2213
2167 1247
2167 1460
2167 2214
2167 476
2167 2215
2167 2216
2167 2217
2167 2218
2167 2219
2167 2220
2167 1526
2167 1255
2167 2221
2167 2222
2167 2223
2167 1256
2167 2224
2167 785
2167 2225
2167 2226
2167 2227
2167 809
2167 2228
2167 2229
2230 2231
2230 7
2230 2232
2230 2233
2234 2235
2234 2236
2234 2237
2234 2238
2234 2239
2234 2240
2234 2241
2234 2242
2234 2243
2234 2244
2234 2245
2234 2246
2234 2247
2234 2248
2234 2249
2234 2250
2234 2251
2234 2252
2234 2253
2234 2254
2234 2255
2234 2256
2234 2257
2234 2258
2234 2259
2234 2260
2234 2261
2234 2262
2234 2263
2234 2264
2234 2265
2234 2266
2234 2267
2234 2268
2234 2269
2234 2270
2234 2271
2234 2272
2234 2273
2234 238
2234 630
2234 2274
2234 492
2234 2185
2234 2275
2234 2276
2234 2277
2234 2278
2234 2279
2234 2280
2234 2281
2234 2282
2234 2283
2234 2284
2234 2285
2234 2286
2234 2287
2234 2288
2234 2289
2234 2290
2234 2291
2234 2292
2234 2293
2234 2294
2234 2295
2234 2296
2234 2297
2234 2298
2234 2299
2234 2300
2234 2301
2234 2302
2234 2303
2234 2304
2234 2305
2234 2306
2234 2307
2234 2308
2234 2309
2234 2310
2234 2311
2234 2312
2234 2313
2234 2314
2234 2315
2316 2317
2316 2318
2316 2319
2316 2320
2316 2321
2316 1965
2316 59
2316 2322
2316 1939
2316 2323
2316 2324
2316 2325
2316 2326
2316 2327
2316 2328
2316 2329
2316 2330
2316 2331
2332 2333
2332 2334
2335 2336
2335 2337
2335 2338
2335 2339
2335 2340
2335 2341
2335 2342
2335 2343
2335 2344
2335 2345
2335 2346
2335 2347
2335 2348
2335 2349
2335 2350
2335 2351
2335 2352
2335 2353
2335 2354
2335 2355
2335 491
2335 2356
2335 2357
2335 2358
2335 2359
2335 2360
2335 2361
2335 2362
2335 2363
2335 2171
2335 2364
2335 2365
2335 2366
2335 2367
2335 2368
2335 2369
2335 2370
2335 2371
2335 2372
2335 2373
2335 2374
2335 2375
2335 2376
2335 2377
2335 2378
2335 2379
2335 2380
2335 2381
2335 2382
2335 2383
2335 2384
2335 2385
2335 2386
2335 2387
2335 2388
2335 2389
2335 2390
2335 2391
2335 2392
2335 2393
2335 7
2335 2394
2335 2395
2335 2396
2335 2397
2335 2398
2335 2399
2335 1293
2335 58
2335 2400
2335 536
2335 554
2335 2401
2335 2402
2335 1976
2335 2403
2335 2404
2335 53
2335 2405
2406 2407
2406 2408
2406 2409
2406 2410
2406 2411
2406 2412
2406 2413
2406 2414
2406 2415
2406 2416
2406 2417
2406 2418
2406 2419
2406 2420
2406 2421
2406 2422
2406 2423
2406 2424
2406 2425
2406 2426
2406 2427
2406 2428
2406 2429
2406 2430
2406 2431
2406 2432
2406 2433
2406 2434
2435 2436
2435 2437
2435 2438
2435 2439
2440 2441
2440 2442
2440 2443
2440 2444
2440 2445
2440 2446
2440 2447
2440 2448
2440 2449
2440 2450
2440 2451
2440 2452
2440 2453
2440 2454
2440 2455
2440 2456
2440 2457
2440 2458
2440 2459
2440 2460
2440 2461
2440 2462
2440 2463
2440 2464
2440 2465
2440 2466
2440 2467
2440 2468
2440 2469
2440 2470
2440 2471
2440 2472
2440 1858
2440 2473
2440 2474
2440 2475
2440 2476
2440 2477
2440 2478
2440 2479
2440 2480
2440 2481
2440 2482
2440 2483
2440 631
2440 2484
2440 2485
2440 2486
2440 2487
2440 2488
2440 2489
2440 2490
2440 2491
2440 2492
2440 2493
2440 2494
2440 2495
2440 2496
2440 2497
2440 2498
2440 2499
2440 2500
2440 2501
2440 2502
2440 2503
2440 2504
2440 947
2440 2505
2440 2506
2440 2507
2440 2508
2440 2509
2440 2510
2511 237
2511 238
2511 239
2511 240
2511 2512
2511 242
2511 243
2511 244
2513 2514
2513 2515
2513 2516
2513 2517
2513 2518
2513 2519
2513 2520
2513 2521
2513 2522
2513 1124
2513 2523
2513 2524
2513 2525
2513 2526
2513 2527
2513 2528
2513 2529
2513 2530
2513 2531
2513 2532
2513 2533
2513 2534
2513 2535
2513 2536
2513 2537
2513 2538
2513 2539
2513 2540
2513 2541
2513 2542
2513 2543
2513 2544
2513 2545
2513 2546
2513 2547
2513 2548
2513 2549
2513 2550
2513 2551
2513 1127
2513 2552
2513 238
2513 2553
2513 2554
2513 2555
2513 2556
2513 2557
2513 2558
2513 2559
2513 2560
2513 2561
2513 2562
2513 2563
2513 2564
2513 2565
2513 2566
2513 2567
2513 1125
2513 505
2513 2568
2513 2569
2513 2570
2571 2572
2571 2573
2571 2574
2571 2575
2571 2576
2571 219
2571 2577
2571 2354
2571 2185
2571 2402
2571 2578
2571 53
2571 2579
2571 2580
2571 2581
2582 2583
2582 2584
2582 2585
2582 2586
2582 2587
2582 2588
2582 2589
2582 2590
2582 2591
2582 2592
2582 2593
2582 2594
2582 2595
2582 2596
2582 2597
2582 2598
2582 2599
2582 2600
2582 2601
2582 2602
2582 2603
2582 2604
2582 2605
2582 2606
2582 2607
2582 2608
2582 2609
2582 2610
2582 2611
2582 2612
2582 2613
2582 2614
2582 2615
2582 2616
2582 2617
2582 2618
2582 2619
2582 2620
2582 2621
2582 2622
2582 2623
2582 2624
2582 2625
2582 2626
2582 2627
2582 2628
2582 2629
2582 2630
2582 2631
2582 2632
2582 2633
2582 2634
2582 2635
2582 2636
2582 2637
2582 2638
2582 2639
2582 2640
2582 2641
2582 2642
2582 2643
2582 2644
2645 2646
2645 238
2645 1109
2645 2647
2645 762
2645 2648
2645 597
2645 2649
2650 2651
2650 2652
2650 533
2650 2653
2650 1981
2650 2654
2650 2655
2650 2656
2650 2657
2650 2658
2659 2660
2659 2661
2659 2662
2659 2663
2659 2664
2659 2665
2659 2666
2659 2667
2659 2668
2659 2669
2659 1924
2659 2670
2659 2671
2659 2672
2659 762
2659 2673
2659 7
2659 592
2659 2674
2659 2398
2659 2675
2659 2676
2659 214
2659 2677
2659 2678
2659 2679
2659 2680
2659 2681
2659 2682
2659 2683
2659 2684
2659 2685
2659 2686
2659 2687
2659 2688
2659 2689
2659 2690
2659 2691
2659 2692
2659 2693
2659 2694
2659 2695
2696 2697
2696 2698
2696 2699
2696 2700
2696 2701
2696 2702
2696 2703
2696 2704
2696 2705
2696 2706
2696 2707
2696 2708
2696 2709
2696 2710
2696 2711
2696 25
2696 2712
2696 2713
2696 2714
2696 2715
2696 2716
2717 1979
2717 1980
2717 1981
2717 2718
2717 631
2717 65
2717 1984
2717 1985
2719 2233
2719 2720
2719 2721
2719 2722
2719 2723
2719 2724
2719 1868
2719 2725
2726 2727
2726 2728
2726 2729
2726 2730
2726 2731
2726 2732
2726 551
2726 2733
2726 2734
2726 2735
2726 2736
2726 2737
2726 2738
2726 2739
2726 2740
2726 2741
2726 2742
2726 2743
2726 2744
2726 2745
2726 2746
2726 2747
2726 2748
2726 1010
2726 2749
2726 2750
2726 2751
2726 2752
2726 2753
2726 2754
2726 2755
2726 2756
2726 264
2726 1307
2757 2758
2757 2759
2757 2760
2757 2761
2757 2762
2757 2763
2757 2764
2757 1764
2757 2765
2757 2766
2757 2767
2757 2768
2757 2769
2757 2770
2757 2771
2757 2772
2757 1414
2757 2773
2757 2774
2757 2775
2757 2776
2757 2777
2757 2778
2757 1403
2757 2779
2757 2780
2757 2781
2757 2782
2757 2783
2757 2784
2757 2785
2757 2786
2757 2787
2757 2788
2757 2789
2757 2790
2757 2791
2757 2792
2757 2793
2757 2794
2757 1762
2757 2795
2757 2796
2757 2797
2757 2798
2757 2799
2757 2800
2757 2801
2757 2802
2757 2803
2757 2804
2757 2805
2757 2806
2757 2807
2757 2808
2757 2809
2757 2810
2757 2811
2757 2812
2757 2813
2757 774
2757 2814
2757 2815
2757 2816
2757 2817
2757 2818
2757 2819
2757 2820
2757 2821
2757 2822
2757 2823
2757 2824
2757 2825
2757 2826
2757 2827
2757 2828
2757 2829
2757 2830
2757 2831
2757 2832
2757 2833
2757 2834
2757 2835
2757 2836
2757 2837
2757 2838
2757 2839
2757 2840
2757 2841
2757 2842
2757 2843
2757 2844
2757 2845
2757 2846
2757 2847
2757 2848
2757 2849
2757 2850
2757 2851
2757 2852
2757 2853
2757 2854
2757 2855
2757 2856
2757 2857
2757 2858
2757 2859
2757 2860
2757 2861
2757 2862
2757 2863
2757 2864
2757 2865
2757 2866
2757 2867
2757 2868
2757 2869
2757 2870
2757 2871
2757 2872
2757 2873
2757 2874
2757 2875
2757 2876
2757 2877
2757 313
2757 815
2757 813
2757 2878
2757 2879
2757 2880
2757 2881
2757 2882
2757 1061
2757 2883
2757 2884
2885 2886
2885 2887
2885 1915
2885 2888
2885 2889
2885 2890
2885 2891
2885 2892
2885 2893
2885 2894
2885 2895
2885 2896
2885 2897
2885 2898
2885 473
2885 2899
2885 2900
2885 2901
2885 2902
2885 556
2885 2903
2885 2904
2885 2905
2885 2906
2885 2907
2885 2908
2885 2909
2885 2910
2885 2911
2885 2912
2885 2913
2885 2914
2885 2915
2885 2916
2885 2917
2885 2918
2885 2919
2885 670
2885 557
2885 2920
2885 2921
2885 2922
2885 561
2885 2923
2885 2924
2925 2926
2925 2927
2925 2928
2925 2929
2925 2930
2925 2931
2925 2932
2925 2933
2925 2934
2925 2935
2925 2936
2925 2937
2925 2938
2925 2939
2925 2940
2925 2941
2925 2942
2925 2943
2925 2944
2925 2945
2946 2947
2946 2948
2946 2949
2946 2950
2946 2951
2946 2952
2946 2953
2946 2954
2946 2955
2946 2956
2946 1211
2946 2957
2946 2958
2946 2959
2946 2960
2946 2961
2946 2962
2963 2964
2963 2965
2963 924
2963 2966
2963 2967
2963 2968
2963 2969
2963 2970
2963 2971
2963 2972
2963 2973
2963 2974
2963 2975
2963 2976
2963 2977
2963 2978
2963 2979
2963 2980
2963 967
2963 2981
2963 2982
2963 2983
2963 1173
2963 2984
2963 2985
2963 2986
2963 2987
2963 2988
2989 894
2989 313
2989 746
2989 2990
2989 238
2989 480
2989 2991
2992 2993
2992 2994
2992 2995
2992 2996
2992 2997
2992 2998
2992 2999
2992 3000
2992 3001
2992 3002
2992 3003
2992 3004
2992 3005
2992 3006
2992 3007
2992 3008
2992 3009
2992 3010
2992 3011
2992 3012
2992 3013
2992 3014
2992 3015
2992 3016
2992 3017
2992 3018
2992 3019
2992 3020
2992 3021
2992 3022
2992 3023
2992 3024
2992 3025
2992 3026
2992 3027
2992 3028
2992 3029
2992 3030
2992 3031
2992 3032
2992 3033
2992 3034
2992 3035
2992 3036
2992 3037
2992 3038
2992 3039
2992 3040
2992 3041
2992 3042
2992 3043
2992 3044
2992 3045
2992 3046
2992 3047
2992 3048
2992 3049
2992 3050
2992 3051
2992 3052
2992 3053
2992 3054
2992 3055
2992 1152
2992 3056
2992 3057
2992 3058
2992 3059
2992 3060
2992 3061
2992 3062
2992 3063
2992 3064
2992 3065
2992 3066
2992 3067
2992 3068
2992 3069
2992 3070
2992 3071
2992 3072
2992 3073
2992 3074
2992 3075
2992 3076
2992 3077
2992 3078
2992 2219
2992 3079
2992 3080
2992 3081
2992 272
2992 3082
2992 3083
2992 3084
2992 3085
2992 3086
2992 3087
2992 3088
2992 3089
2992 3090
2992 3091
2992 3092
2992 3093
2992 3094
2992 3095
2992 3096
2992 3097
2992 3098
2992 3099
2992 3100
2992 3101
2992 3102
2992 3103
2992 3104
2992 3105
2992 3106
2992 3107
2992 3108
2992 3109
2992 3110
2992 3111
2992 3112
2992 3113
3114 3115
3114 311
3114 3116
3114 1211
3114 815
3114 3117
3114 421
3114 3118
3114 3119
3114 313
3114 3120
3114 1755
3114 3121
3114 3122
3114 3123
3114 796
3114 3124
3114 3125
3114 46
3114 3126
3114 625
3114 622
3114 1700
3114 3127
3114 3128
3114 3129
3114 3130
3114 3131
3114 3132
3114 3133
3114 2881
3114 3134
3114 3135
3114 3136
3114 3137
3114 3138
3114 3139
3114 3140
3114 3141
3114 3142
3114 3143
3114 3144
3114 3145
3114 3146
3114 3147
3114 3148
3114 3149
3114 3150
3114 746
3114 3151
3114 3152
3114 3153
3114 3154
3114 3155
3114 3156
3114 3157
3114 3158
3114 3159
3114 3160
3114 3161
3114 3162
3114 3163
3114 3164
3114 3165
3114 3166
3114 3167
3114 3168
3114 3169
3170 774
3170 797
3170 3171
3170 3172
3170 3173
3170 3174
3170 3175
3170 3176
3170 3177
3170 3178
3170 2174
3170 3179
3170 3180
3170 3181
3170 3182
3170 238
3170 3183
3184 238
3184 2192
3184 781
3184 64
3184 221
3184 220
3184 3185
3184 3186
3184 3187
3184 604
3184 1125
3184 3188
3184 3189
3184 2446
3184 3190
3184 3191
3184 3192
3184 3193
3184 1104
3184 3194
3184 3195
3184 1177
3184 3196
3184 3197
3184 3198
3184 3131
3184 3199
3184 3200
3184 3201
3184 3202
3184 3203
3204 3205
3204 3206
3204 3207
3204 3208
3204 3209
3204 3210
3204 3211
3204 3212
3204 3213
3204 3214
3204 3215
3204 3216
3204 3217
3204 2269
3204 3218
3204 3219
3204 3220
3204 3221
3204 3222
3204 3223
3204 3224
3204 3225
3226 3227
3226 3228
3226 1701
3226 3229
3226 3230
3226 3231
3226 3232
3226 3233
3226 3234
3226 3235
3226 3236
3226 3237
3226 3238
3226 3239
3226 3240
3226 3241
3226 3242
3226 3243
3226 3244
3226 3245
3226 3246
3226 3247
3226 2157
3226 3248
3226 3249
3226 3250
3226 3251
3226 3252
3226 3253
3226 3254
3226 3255
3226 3256
3226 413
3226 3257
3226 3258
3226 3259
3226 3260
3226 3261
3226 3262
3226 3263
3226 3264
3226 3265
3226 3266
3226 3267
3268 3269
3268 3270
3268 3271
3268 3272
3273 3274
3273 3275
3273 3276
3273 942
3273 1794
3273 3277
3273 238
3273 3278
3273 3279
3273 3280
3273 3281
3273 3282
3273 3283
3273 3284
3273 3285
3273 3286
3273 3287
3273 3288
3273 3289
3273 3290
3273 3291
3273 3292
3273 3293
3273 3294
3273 3295
3273 3296
3273 3297
3273 3298
3273 3299
3273 3300
3273 3301
3273 3302
3273 3303
3273 3304
3273 2492
3273 3305
3273 3306
3273 289
3273 3307
3273 3308
3273 3309
3273 3310
3273 3311
3273 3128
3273 3312
3273 3313
3273 3314
3273 3315
3273 3316
3273 3317
3273 3318
3273 3319
3273 3320
3273 3321
3273 3322
3273 3323
3273 3324
3273 3325
3273 3326
3273 3327
3273 3328
3273 3329
3273 3330
3273 3331
3273 3218
3273 3332
3273 3333
3273 3334
3273 3335
3273 976
3273 3336
3273 3337
3273 3338
3273 3339
3273 3340
3273 3341
3273 3342
3273 3343
3273 3344
3273 3345
3273 3346
3273 2157
3273 3347
3273 3348
3273 3349
3273 3350
3273 3351
3273 3352
3273 2704
3273 3353
3273 3354
3273 1784
3273 3355
3273 3356
3273 3357
3273 3358
3273 3359
3273 3360
3273 1026
3273 631
3273 3361
3273 3362
3273 3363
3273 3364
3273 3365
3273 3366
3273 3367
3273 3368
3273 3369
3273 3370
3273 3371
3273 3372
3273 3373
3273 3374
3273 3375
3273 3376
3273 3377
3273 534
3273 3378
3273 3379
3273 3380
3273 3381
3273 3382
3273 3383
3384 3385
3384 3386
3384 3387
3384 3388
3384 3389
3384 3390
3384 3391
3384 3392
3384 3393
3384 3394
3384 3395
3384 238
3384 3396
3384 3397
3384 3398
3384 3399
3384 3400
3384 1784
3384 3401
3384 3189
3384 390
3384 3402
3384 3403
3384 3404
3384 3405
3384 3406
3384 3407
3384 3408
3384 387
3384 631
3384 3409
3384 3410
3384 3411
3384 3412
3384 3372
3384 2140
3384 3413
3384 3414
3384 3415
3384 3416
3384 3417
3384 3418
3384 531
3384 3419
3384 221
3384 1794
3384 3420
3384 1042
3384 3421
3384 3422
3384 3423
3384 3424
3384 3425
3384 217
3384 2174
3384 3426
3384 2212
3384 3427
3384 3428
3384 3429
3384 3430
3384 1010
3384 3431
3384 3432
3384 3433
3384 3434
3384 3435
3384 3436
3384 3437
3384 3438
3384 2826
3384 1891
3384 2155
3384 3439
3384 2217
3384 3440
3384 3441
3384 3442
3384 3443
3384 3444
3384 3445
3384 3446
3384 1088
3384 1089
3384 3447
3384 3448
3384 3449
3384 3450
3384 3451
3384 3452
3384 3453
3384 3454
3384 3455
3384 3456
3384 3457
3384 3458
3384 3459
3384 3460
3384 475
3384 3461
3384 3462
3384 3463
3384 3464
3384 3465
3384 2454
3384 3466
3384 3467
3384 3468
3469 3470
3469 3471
3469 3472
3469 3473
3469 3474
3469 3475
3469 3476
3469 3477
3469 3478
3469 3479
3469 3480
3469 3481
3469 3482
3469 549
3469 7
3469 3483
3469 1563
3469 1382
3469 1806
3469 3484
3469 3485
3469 1969
3469 3486
3469 3487
3469 3488
3469 3489
3469 3490
3469 1099
3469 3491
3469 660
3469 3492
3469 3493
3494 3495
3494 3496
3494 3497
3494 3498
3494 3499
3494 3500
3494 3501
3494 142
3494 3502
3494 3503
3494 3504
3494 3505
3506 3507
3506 3508
3506 3509
3506 3510
3506 1898
3506 238
3506 3511
3506 3512
3506 3513
3506 3514
3506 3515
3506 3516
3506 3517
3506 3518
3506 3519
3506 3520
3506 3521
3506 3522
3506 3523
3524 752
3524 578
3524 1289
3524 2185
3524 3525
3524 3526
3524 3527
3524 238
3524 3528
3524 3242
3524 3246
3524 3529
3530 3531
3530 3532
3530 3533
3530 26
3530 3534
3530 3535
3530 3536
3530 238
3530 303
3530 3525
3530 480
3530 752
3530 3537
3530 1526
3530 2226
3538 528
3538 3539
3538 3540
3538 3541
3538 3542
3538 3543
3538 3544
3538 3545
3538 238
3538 3546
3547 3529
3547 3548
3547 3549
3547 3550
3547 625
3547 3551
3547 3552
3547 753
3547 3553
3547 3554
3547 3555
3547 3556
3547 3557
3547 3558
3547 238
3547 3559
3560 3561
3560 3562
3560 3563
3560 3564
3560 3565
3560 3566
3560 3567
3560 2150
3560 3568
3560 3569
3560 3570
3560 3571
3560 3572
3560 3573
3560 3574
3560 3575
3560 3576
3560 3577
3560 3578
3560 3579
3560 3580
3560 3581
3560 3582
3560 3583
3560 3584
3560 3585
3560 3586
3560 3587
3560 3588
3560 3515
3560 3589
3560 3590
3560 3591
3560 3592
3560 3593
3560 3594
3560 3595
3560 2035
3560 3596
3560 3597
3560 3598
3560 3599
3560 3600
3560 3601
3560 3602
3560 1825
3560 3603
3560 3604
3560 3605
3560 238
3560 3606
3560 3607
3560 3608
3560 1015
3560 3609
3560 3610
3560 3611
3560 3612
3560 3613
3560 3614
3560 3615
3560 3616
3617 3618
3617 680
3617 219
3617 387
3617 3619
3617 26
3617 1645
3617 2185
3617 3620
3617 785
3617 3621
3617 238
3617 3622
3617 3399
3617 3623
3617 629
3617 390
3617 3624
3617 3625
3617 996
3617 2573
3617 3626
3617 3627
3617 3628
3617 3629
3617 3630
3617 3631
3617 3632
3617 3633
3634 7
3635 565
3635 570
3635 607
3635 608
3635 592
3635 7
3635 2398
3635 2138
3636 840
3636 3106
3636 841
3636 825
3636 277
3636 838
3637 1188
3637 588
3637 7
3637 1885
3637 654
3637 3525
3637 548
3637 1992
3637 1156
3637 1189
3637 794
3637 3246
3637 753
3637 886
3637 1653
3637 1192
3637 1093
3637 1195
3637 1178
3637 1293
3637 1199
3637 944
3638 7
3639 7
3639 1217
3640 3577
3640 2394
3640 384
3640 264
3640 389
3640 2214
3640 1217
3640 238
3640 600
3641 7
3641 528
3641 3389
3642 238
3642 1040
3643 2233
3643 219
3643 1882
3643 393
3643 396
3643 693
3644 238
3644 1645
3645 2402
3645 2404
3645 53
3645 264
3645 238
3645 492
3646 585
3646 631
3646 390
3646 221
3647 238
3648 533
3648 2393
3648 7
3648 794
3648 3286
3648 53
3648 2396
3648 2413
3648 58
3648 56
3648 57
3648 599
3649 1794
3649 238
3650 3598
3650 238
3650 1880
3650 1794
3650 1981
3650 2150
3651 2398
3651 548
3651 588
3651 1167
3651 1862
3651 2400
3651 762
3651 2402
3651 7
3651 55
3651 3623
3651 2399
3651 1298
3651 3408
3651 570
3651 554
3651 565
3651 794
3652 2277
3652 58
3652 53
3652 57
3652 533
3652 56
3652 2413
3652 3286
3652 794
3652 55
3652 7
3652 1271
3652 51
3652 1369
3653 7
3653 2398
3654 549
3654 2972
3654 917
3654 238
3654 1954
3654 3372
3654 1788
3654 2140
3654 544
3654 543
3655 219
3655 480
3655 794
3655 1170
3655 2347
3655 2363
3655 599
3655 598
3655 7
3655 2185
3655 588
3655 570
3655 554
3655 2398
3655 2214
3656 238
3656 217
3656 1794
3656 774
3657 1132
3657 278
3657 1134
3657 3111
3657 443
3657 809
3657 785
3657 1283
3657 1271
3657 2212
3657 3629
3657 303
3658 1233
3658 3659
3660 686
3660 264
3660 238
3660 3661
3660 809
3660 1318
3660 384
3660 787
3660 424
3662 238
3663 51
3663 136
3663 3408
3663 785
3663 238
3663 2214
3664 1283
3664 3629
3664 3627
3664 2212
3664 1170
3664 2377
3664 3665
3664 3618
3664 2213
3664 238
3664 389
3664 600
3664 578
3664 782
3664 787
3664 2185
3664 1169
3664 1287
3664 781
3664 2184
3664 390
3664 384
3664 2220
3666 917
3666 2973
3666 1806
3666 2834
3666 2155
3666 1031
3666 635
3666 56
3666 7
3666 2103
3666 859
3666 238
3666 762
3666 304
3666 475
3666 478
3666 1286
3666 1217
3666 1299
3666 1109
3666 1002
3666 387
3667 248
3668 7
3668 2331
3668 541
3668 2150
3668 385
3668 1794
3669 782
3669 238
3669 1794
3669 1816
3669 2785
3670 462
3670 579
3670 7
3671 3115
3671 813
3671 313
3671 31
3671 2987
3671 1816
3671 2920
3671 418
3671 2212
3671 2381
3672 3431
3672 238
3673 1979
3673 1980
3673 1981
3673 2718
3673 631
3673 65
3673 1984
3673 1985
3674 3558
3675 277
3676 3125
3676 24
3676 1547
3676 22
3676 238
3676 794
3676 54
3676 3286
3676 3399
3676 2413
3676 56
3676 533
3676 57
3676 53
3676 58
3676 289
3676 1453
3676 13
3676 878
3676 1439
3676 2214
3677 2405
3677 2576
3677 1526
3677 244
3677 264
3677 533
3677 238
3677 781
3677 787
3677 809
3678 7
3678 1855
3678 1864
3678 1930
3679 2741
3679 549
3680 7
3681 390
3681 1541
3681 803
3681 304
3681 3460
3681 475
3681 478
3681 476
3681 2179
3681 2175
3681 1295
3681 174
3681 549
3681 238
3681 387
3681 539
3681 63
3681 629
3681 630
3681 631
3681 1788
3681 594
3681 752
3681 782
3681 26
3681 551
3681 221
3681 1794
3681 2220
3681 2587
3682 384
3682 752
3682 787
3682 2191
3682 238
3682 58
3682 2399
3682 463
3682 465
3682 442
3682 815
3682 313
3682 1211
3683 238
3683 264
3683 1505
3683 2484
3683 3257
3683 413
3683 2267
3683 2809
3683 316
3683 1509
3683 3571
3684 60
3685 2896
3685 1966
3686 2667
3686 1645
3687 629
3687 238
3688 3529
3688 1658
3688 238
3688 926
3688 3525
3688 264
3689 2987
3689 2492
3689 3301
3690 843
3690 763
3690 1747
3690 2110
3690 7
3690 277
3690 2091
3690 2103
3690 1943
3690 1843
3691 3386
3692 131
3692 60
14 1709
14 309
14 3608
14 3613
14 2002
16 46
18 46
3693 2448
3694 41
3694 43
3694 29
3695 1646
24 1211
24 236
25 412
27 26
36 2826
36 56
36 1081
36 809
41 2400
44 3121
46 2002
46 14
46 745
46 774
46 16
46 1076
46 15
46 3608
46 18
46 381
46 3613
53 264
53 2192
53 1273
54 264
55 2704
3696 2737
3696 3476
3696 2098
3696 1411
3696 2085
3696 3564
3696 1410
3696 1894
3697 485
3697 1745
3697 608
3698 485
3698 1745
3698 608
3699 1932
3699 1898
3699 307
3699 473
3699 1944
3699 238
3699 1802
3700 3388
3700 1409
3700 2138
3700 2750
3700 2149
3700 3272
3700 3514
3701 384
3701 3372
3701 72
3701 65
3701 1956
3701 1893
3701 925
3701 264
3701 2174
3701 238
3701 1795
3701 2110
3701 59
3701 2121
3701 307
3701 2005
3701 3598
3701 1237
3702 1232
3702 59
3702 7
3703 1002
3703 60
3703 1898
3703 485
3703 3027
3703 2105
3703 552
3703 238
3703 917
3703 3187
3703 1784
3703 1954
3703 1794
3704 1802
3704 1410
3704 1800
3704 1939
3704 2744
3704 2746
3704 940
3704 1794
3704 1894
3704 3420
3704 2978
3704 3179
3704 238
3704 59
3704 221
3704 1893
3704 65
3704 1404
3704 217
3704 2174
3704 2896
3704 264
3704 2156
3705 2155
3705 3489
3705 2905
3705 1829
3706 2317
3706 2318
3706 2319
3706 2320
3706 2321
3706 1965
3706 59
3706 2322
3706 1939
3706 2323
3706 2325
3706 2326
3706 2327
3706 2329
3706 2330
3707 59
3707 15
3708 1223
3708 1234
3708 1251
3708 940
3708 2853
3709 1802
3709 2156
3709 238
3709 59
3709 221
3709 1893
3709 65
3709 1404
3709 217
3709 2174
3709 2896
3709 2744
3709 2746
3709 1794
3709 1894
3709 3420
3709 3179
3709 15
3709 2150
3709 1262
3709 2978
3709 264
3709 1410
3710 19
3710 442
3710 311
3710 7
3710 762
3710 418
3710 3323
3711 3141
3711 2322
3712 59
3713 1894
3713 3372
3713 2090
3714 1336
3714 2712
3714 1551
3714 1440
3714 313
3715 2322
3715 2720
3715 59
3715 2085
3716 22
3716 1241
3716 1270
3716 1794
3717 3543
3717 1964
3717 324
3717 327
3718 2898
3718 2730
3718 1898
3718 2704
3718 1124
3718 3179
3718 1860
3718 1040
3719 7
3719 2148
3719 1844
3719 1930
3719 1745
3720 485
3720 238
3721 7
3722 1211
3722 442
3722 313
3722 1898
3722 307
3722 3187
3722 3186
3722 1747
3722 1134
3722 1128
3722 826
3722 827
3722 828
3722 831
3722 837
3722 667
3722 561
3722 1917
3722 670
3722 2915
3722 564
3722 3389
3722 238
3722 449
3722 59
3722 2723
3722 473
3723 2085
3723 2322
3723 59
3723 2317
3723 480
3723 1398
3723 1805
3723 2091
3723 1233
3723 1240
3724 1795
3724 1829
3724 3183
3724 238
3725 266
3725 1794
3725 746
3725 468
3725 2598
3725 238
3725 1730
3725 2471
3725 3550
3725 3244
3725 390
3725 627
3726 3389
3726 2720
3726 2085
3726 2973
3726 549
3727 473
3727 59
3728 1795
61 60
61 1784
3729 3372
3729 631
3730 3500
3730 1467
3730 412
3731 24
3732 3279
3732 803
3732 46
3733 536
3733 592
3733 63
3733 595
3733 3301
3665 2383
3734 22
3735 22
3736 480
3737 421
3738 3134
3739 19
3740 412
3740 1062
3740 998
3740 58
3740 2405
3741 3134
3741 1254
3742 412
3743 424
3743 3135
3743 1816
3743 2214
3743 442
3744 280
63 1954
63 2140
63 3372
63 1788
63 631
64 536
64 592
64 3414
64 3415
66 3410
67 631
68 64
68 1755
70 387
70 631
72 536
72 592
72 3414
72 3415
73 3410
3745 74
3745 76
3746 588
3746 19
3747 441
3747 967
3747 974
3747 1175
3748 313
3748 2940
3748 2880
3748 406
3748 3200
3749 3119
3749 313
3749 966
3749 2242
3750 3115
3750 441
3750 23
3750 1755
3750 815
3750 313
3751 1061
3751 630
3751 2302
3751 974
3751 629
3751 587
3751 1547
3752 1382
3752 2185
3752 3220
3752 2262
3752 978
3752 3534
3752 3535
3753 2242
3753 2251
3753 2267
3753 2247
3753 1172
3753 978
3753 2299
3753 578
3753 588
3753 3535
3753 654
3754 629
3754 390
3755 3260
3755 413
3756 90
3757 2663
3757 1730
3757 2661
3758 1726
3758 2648
3759 1864
3759 1726
3759 2695
3759 3372
3760 1021
3760 762
3760 794
3760 408
3760 3544
3761 81
3761 79
3761 2671
3761 2673
3761 88
3761 1734
3761 91
3761 231
3762 1221
3762 966
3762 811
3762 3443
3762 19
3762 236
3762 1548
3762 1071
3762 46
3762 1283
3762 419
3762 1465
3762 2509
3762 292
3762 78
3762 2809
3762 384
3762 321
3763 79
3763 82
3763 3761
3763 1722
3763 3764
3763 84
3763 2673
3763 90
3763 91
3765 78
3765 1724
3765 219
3766 90
3766 91
3767 90
3768 1718
3768 1726
3768 1722
3768 1730
3768 2436
3768 2673
3768 2975
3768 1723
3768 1731
3768 1734
3768 597
3768 1805
3768 91
3768 78
3769 388
3769 1794
3769 219
3769 222
3769 398
3769 1882
3769 399
3769 345
3769 239
3769 411
3770 78
3770 1726
3770 3771
3770 1882
3770 222
3770 1784
3772 396
3772 219
3772 90
3772 91
3773 1735
3773 313
3774 78
3771 3764
3771 78
3775 1726
3775 91
3775 78
3775 1731
3775 1728
3776 3544
3776 81
3777 1735
3777 313
84 762
93 23
109 3121
109 1755
117 3121
146 2196
146 3399
146 1026
146 1219
146 1505
146 3380
148 159
156 56
168 412
178 412
182 2932
206 412
217 3629
217 2363
218 2363
218 3629
230 762
3778 3779
3778 2217
3778 3780
3778 670
3781 47
3781 42
3782 2190
3783 3780
3784 3446
3785 3780
3785 3779
3786 3779
3786 1460
3786 2217
3786 3780
3786 3787
3788 3780
3789 3780
3790 635
3790 7
3790 706
3790 3569
3790 2671
3790 492
3790 703
3790 597
3790 1188
3790 859
3790 917
3790 762
3790 1930
3790 2682
3790 1883
3790 1785
3791 2247
3791 2267
3792 3446
3793 22
3794 3780
3795 3446
3796 3780
3796 1088
3796 2578
3797 1745
3797 307
3797 1040
3797 15
3797 1981
3797 7
3798 2852
3798 2854
3798 1023
3798 2826
3798 2837
3798 2839
3798 2801
3799 3446
3800 1289
3800 619
3801 2244
3801 54
3801 1290
3801 1078
3802 3780
3803 1014
3803 1010
3803 1015
3803 56
3803 809
3803 54
3803 2756
3803 1477
3803 1293
3803 1526
3803 384
3803 280
3803 3779
3803 3780
3804 2511
3805 864
3805 235
3805 3598
3805 222
3805 638
3806 1231
3806 1247
3806 2511
3806 412
3807 631
3807 1404
3807 1957
3807 1979
3807 1981
3807 3591
3807 864
3807 235
3807 238
3807 1893
3807 1899
3808 668
3808 703
3808 766
3809 2511
3810 222
3810 2750
3810 3568
3811 2511
3812 56
3812 7
3812 492
3812 670
3812 2915
3812 3813
3814 1802
3814 2156
3814 3489
3814 2398
3814 1810
3814 1065
3815 242
3815 239
3815 240
3815 241
3815 2427
3815 243
3815 244
3816 3185
3816 1965
3816 235
3816 1898
3816 182
3816 238
3817 387
3817 631
3817 64
3817 73
3817 65
3817 1954
3817 3412
3817 3279
3817 238
3817 221
3817 1794
3817 235
3817 2750
3818 2511
3819 387
3819 631
3819 64
3819 73
3819 65
3819 1954
3819 3412
3819 3279
3819 238
3819 221
3819 1794
3819 235
3819 2750
3820 242
3820 239
3820 240
3820 2427
3820 243
3821 1014
3821 235
3821 264
3822 238
3822 857
3822 1806
3822 1747
3822 631
3822 752
3822 781
3822 1225
3822 1106
3822 1965
3822 235
3822 3813
3822 463
3822 1658
3822 578
3822 3525
3822 3727
3822 313
3822 815
3822 1211
3822 3119
3822 442
3823 2511
3824 1409
3824 3825
3824 235
3824 2750
3824 1885
3826 1220
3826 1221
3826 1222
3826 1223
3826 1127
3826 1224
3826 1225
3826 1226
3826 1229
3826 1231
3826 1232
3826 1233
3826 1234
3826 1235
3826 1236
3826 1237
3826 1238
3826 1241
3826 1242
3826 1243
3826 1244
3826 1245
3826 1246
3826 1105
3826 1247
3826 1248
3826 1249
3826 451
3826 1965
3826 244
3826 235
3826 1252
3826 1254
3826 1255
3826 1256
3826 2224
3826 1258
3826 3813
3826 514
3826 1261
3826 1262
3826 1263
3827 384
3828 1794
3828 2760
3828 235
3829 2511
3830 2738
3830 2750
3831 1898
3831 16
3832 2511
3833 2511
3834 549
3834 60
3834 7
3834 570
3834 1965
3834 235
3835 2511
3836 387
3836 631
3836 64
3836 73
3836 65
3836 1954
3836 3412
3836 3279
3836 238
3836 221
3836 1794
3836 235
3836 2750
3837 2898
3837 2914
3837 572
3838 592
3838 1404
3838 1957
3838 1979
3838 1981
3838 3591
3838 864
3838 235
3838 7
3838 1893
3839 3422
3839 235
3839 2427
3839 3462
3840 239
3840 241
3841 151
3841 412
3842 1653
3842 84
3842 703
3842 2405
3842 2674
3842 492
3842 2399
3842 1885
3842 536
3842 58
3842 2404
3842 53
3843 1779
3843 2671
3843 84
3843 1898
3843 2157
3843 3115
3844 1794
3844 1244
3844 1258
3844 244
3844 1231
237 2511
239 244
240 244
240 239
3845 245
3846 245
3846 313
3847 245
3847 313
3848 1440
246 236
3849 439
3850 439
3851 439
3852 253
3852 3849
3852 250
3853 3115
3853 313
3854 253
3854 313
3854 1858
3854 421
3854 25
3854 46
3854 3849
3854 250
3855 313
3855 851
3855 442
3856 278
3856 444
3856 311
3856 442
3856 3117
3857 253
3857 3849
3857 250
3858 439
3859 278
3859 851
3859 313
3859 25
3859 440
3860 850
3860 3102
3860 1532
3860 313
3860 311
3860 442
3860 1211
3860 815
3860 314
3860 3119
3860 424
3861 46
3861 439
3862 439
3862 3134
3863 3106
3863 838
3864 309
3864 313
3865 439
253 439
253 3849
253 250
295 462
303 2704
303 146
304 762
309 441
309 313
309 25
309 1547
309 813
309 1551
316 1061
316 25
322 1444
325 324
3866 324
3866 2156
3866 221
3866 1270
3866 393
3866 398
3866 219
3866 416
3867 431
3867 375
3867 859
3867 1808
3867 1109
3867 1299
3867 2843
3867 324
3867 1283
3867 1021
3867 815
3867 267
3868 324
3868 2177
3868 1299
3868 1109
3869 3870
3869 337
3869 407
3869 324
3869 1100
3869 406
3869 3389
3871 324
3871 56
3871 22
3872 1043
3872 937
3872 219
3872 324
3872 1615
3872 393
3872 1592
3872 1606
3872 1626
3872 1597
3872 1604
3872 421
3872 25
3872 816
3873 219
3873 396
3873 399
3873 398
3873 653
3873 2177
3873 479
3873 329
3873 332
3873 325
3873 349
3873 353
3873 324
3873 3869
3873 1309
3874 2540
3874 398
3874 1255
3874 809
3874 787
3874 219
3874 399
3874 3543
3874 2538
3874 361
3874 324
3875 361
3875 80
3875 324
3876 411
3876 396
3876 324
3876 399
3876 2950
3877 324
3878 331
3870 1102
3879 309
3879 264
3879 324
3879 433
3879 3135
3879 396
3879 1286
3879 387
3879 1294
3879 2225
3879 479
3879 401
3879 1299
3879 1109
3879 1309
3880 413
3880 3143
3880 25
3880 313
3880 411
3880 324
3880 3543
3880 3078
3880 329
3880 3140
3880 3135
3881 264
3881 324
3881 433
3881 3135
3881 396
3881 1286
3881 387
3881 1294
3881 2225
3881 479
3881 401
3881 1299
3881 1109
3881 1309
3882 989
3882 2988
3883 309
3883 264
3883 324
3883 433
3883 3135
3883 396
3883 1286
3883 387
3883 1294
3883 2225
3883 479
3883 401
3883 1299
3883 1109
3883 1309
330 219
330 3870
330 1102
335 3544
354 3544
356 3544
363 3884
363 539
369 3661
370 355
372 3121
372 1755
381 46
381 2648
381 431
381 1008
381 2121
381 262
381 1021
381 308
381 2575
381 305
384 1264
384 2756
384 2225
384 387
384 536
385 3121
385 1211
385 1755
385 1264
385 1270
385 1271
385 247
385 388
385 1282
385 1288
385 1281
385 780
385 58
385 1283
385 1284
385 1285
385 1286
385 1287
385 1289
385 1278
385 1290
385 1274
385 600
385 379
385 1277
385 1268
385 1267
385 1291
385 1292
385 401
385 1293
385 1294
385 682
385 1295
385 1296
385 1297
385 1298
385 375
385 1299
385 378
385 1300
385 1301
385 380
385 1302
385 1303
385 1304
385 1305
385 1306
385 1307
385 1308
385 1309
385 1310
385 1311
385 1312
385 1215
385 1313
385 3115
385 314
385 441
385 23
385 3118
385 815
385 313
387 58
393 3544
394 3544
401 3121
401 1755
406 1407
407 1755
411 46
415 20
415 1335
415 46
424 3121
424 1755
425 461
425 306
425 2191
425 2220
425 389
425 247
425 2809
425 93
425 2937
429 412
433 412
434 431
3885 435
3885 837
3885 3886
3885 440
3887 278
3888 840
3889 435
3889 837
3890 2445
3890 3128
3891 278
3891 443
3891 444
3892 278
3893 840
3893 447
3894 850
3895 278
3896 146
3897 278
3898 435
3898 1784
3898 570
3898 3389
439 253
439 313
439 1858
439 421
439 25
439 46
439 3854
439 3849
3825 451
3825 448
3825 765
3825 763
3825 1891
3825 3386
3825 2744
3825 2174
3825 1794
3899 1221
3899 451
3899 448
3900 767
3900 2192
3900 2212
3900 2598
3900 3135
3900 2509
3900 292
3900 442
3900 3119
3900 23
3900 1211
3900 1755
3900 421
3900 815
3900 313
3900 909
3900 212
3900 1762
3900 1446
3900 1466
3900 150
3900 418
3900 142
3900 911
3900 2977
3900 214
3900 1794
3900 466
3900 631
3900 467
3901 777
3901 2744
3901 3431
3901 1891
3901 3434
3901 3437
3901 1409
3901 1965
3901 3439
3901 240
3901 2751
3901 1885
3901 1914
3902 1229
3902 1230
3903 1411
3903 1410
3904 1921
3905 238
3905 2931
3905 560
3905 1221
3905 1223
3905 1244
3905 451
3905 448
3906 3405
3906 3574
3906 3580
3907 238
3907 3598
3907 450
3908 765
3908 763
3908 3909
3910 1950
3910 2723
3910 1954
1889 777
1889 2744
1889 3431
1889 1891
1889 3434
1889 3437
1889 1409
1889 3439
1889 2751
1889 1885
3911 448
3912 451
3912 763
3913 1954
3913 631
3913 3372
3913 3305
3913 3386
3913 1270
3913 2146
3913 3405
3913 221
3913 238
3913 585
3913 3304
3913 1034
3913 2150
3913 3301
3913 15
3913 3598
3913 552
3913 1079
3913 448
3913 765
3913 451
3913 763
3913 767
3913 3556
3913 944
3913 441
3913 1755
3913 313
3913 3317
3913 390
3913 3189
3914 451
3915 3598
3915 2979
449 473
449 59
456 467
456 458
459 46
459 911
459 55
459 212
471 412
473 7
475 3121
475 1755
477 475
477 478
479 536
480 536
3916 292
3916 484
485 486
485 2720
485 484
485 2085
485 1405
486 2720
486 2085
486 484
487 485
487 486
3917 489
3917 488
492 2930
492 2977
3918 236
3919 3200
3919 579
3920 3921
3920 498
3922 3272
3922 3732
3922 3361
3922 3448
3923 746
3923 803
3923 3921
3923 2454
3923 493
3923 1763
3923 745
3924 937
3924 593
3924 2129
3924 303
3924 3362
3924 2063
3924 501
3924 3430
3924 3591
3924 3455
3924 3453
3924 3448
3924 2454
3924 3292
3924 3415
3924 3633
3924 3391
3924 3393
3924 3412
3924 1784
3924 3370
3924 3401
3924 2140
3924 794
3924 58
3925 1981
3926 494
3926 1089
3921 3633
3921 592
3921 631
3927 631
3927 3633
3927 238
3927 1794
3927 1645
3927 3618
3927 51
3927 217
3927 3352
3927 3189
3927 501
3927 3276
3928 501
3929 3520
3929 2398
3930 1275
3930 514
3931 493
3931 303
3932 746
3932 1192
3932 1638
3932 975
3932 3155
3933 1446
498 1755
498 631
3934 2540
3934 2538
3934 219
3934 629
3934 540
3934 521
3934 2546
3934 2174
3934 238
3934 2551
3934 2209
3935 2544
3935 3936
3935 505
3935 522
3935 3937
3935 1125
3935 1382
3935 2538
3935 3938
3935 80
3935 3135
3935 7
3935 354
3935 393
3935 3527
3935 567
3935 794
3935 706
3935 2537
3935 926
3935 1747
3935 578
3935 3078
3935 346
3935 22
3936 521
3936 2546
3936 2174
3936 238
3936 522
3936 2551
3939 1853
3939 247
3939 3246
3939 522
3939 2546
3939 521
3939 2524
3939 1121
3939 507
3940 1124
3940 2537
3940 2520
3940 3936
3940 2551
3940 1382
3940 974
3940 752
3940 746
3940 549
3940 2540
3940 2973
3940 238
3940 1125
3940 2566
3940 1126
3940 398
3940 574
3940 949
3940 2544
3940 508
3940 567
3940 1373
3940 1907
3940 140
3940 165
3941 3936
3941 2551
3942 2546
3942 1124
3942 2537
3942 3936
3942 2551
3942 974
3942 2540
3942 549
3942 1125
3942 398
3942 574
3942 949
3942 508
3942 567
3659 521
3659 2546
3659 2174
3659 238
3659 522
3659 2551
3943 521
3943 2546
3943 2174
3943 238
3943 522
3943 2551
505 523
505 516
505 512
506 512
507 512
508 512
509 512
510 512
513 515
520 238
520 2168
520 512
521 505
521 461
521 516
521 515
521 513
3937 515
3937 517
3937 512
3937 513
3937 523
523 505
523 461
523 516
523 515
523 513
528 1645
529 7
529 1674
530 570
530 607
530 22
530 316
530 1756
530 2056
531 551
534 631
536 58
537 693
540 2156
545 809
549 1755
549 2185
549 3536
549 578
549 629
549 1862
549 1382
549 238
549 3389
549 3266
552 794
552 2752
552 2410
553 22
554 783
554 772
554 2861
555 473
566 1877
566 221
570 585
572 585
573 570
573 607
577 3121
577 1755
579 2704
579 146
580 3352
581 55
585 1794
586 630
586 629
589 629
589 630
589 2209
589 316
589 413
589 1437
589 1438
589 1540
589 1450
590 3227
590 3229
590 536
592 387
592 63
592 1954
592 64
592 65
592 73
592 3412
593 387
593 631
593 63
594 63
594 631
594 387
595 63
595 631
595 387
596 592
596 1956
598 3633
601 387
604 478
604 1645
604 3192
604 547
604 3189
605 752
605 2191
3944 570
3944 607
3945 570
3946 570
3947 570
3948 606
3949 1290
3949 49
3949 782
3949 221
3949 54
3949 480
3949 1270
3949 2214
3949 24
3950 570
3951 570
3952 570
3953 570
3954 570
3955 570
3956 3115
3956 3119
3956 1064
3957 1794
3957 217
3957 1883
3957 594
3957 238
3957 3372
3957 1784
3957 222
3957 1893
3957 2156
3957 1021
3957 782
3957 1109
3957 785
3957 3179
3957 303
3957 1026
3957 1816
3957 1258
3957 606
3957 413
3957 313
3957 3134
3957 3200
3958 606
3959 565
3960 570
3961 570
3962 570
3962 608
3962 565
3963 1821
3963 3154
3964 3375
3965 1877
607 1794
610 570
610 607
3966 611
3967 611
3968 611
3968 390
3968 3352
3968 31
3968 3969
3968 3548
3968 3129
3968 616
3968 3316
3968 2483
614 1437
614 1438
619 241
619 1755
620 629
621 622
621 625
622 3238
622 625
622 621
622 623
623 2199
625 2674
627 1199
630 2209
630 629
630 2185
631 387
631 63
631 1954
631 64
631 65
631 73
631 3412
633 651
635 2442
635 462
641 7
644 412
651 632
654 549
654 1187
654 1992
654 588
654 3525
654 548
654 2977
666 3130
3970 3971
3970 677
3972 614
3972 1069
3972 2209
3972 3200
3972 264
3971 3970
681 390
681 746
681 695
681 238
681 588
681 690
681 2220
3973 1646
3974 683
3974 677
3974 1251
679 461
684 1005
689 629
691 770
693 219
693 1882
693 2156
693 222
698 1883
3975 701
705 1839
705 1939
705 3598
711 709
711 740
729 709
729 740
727 745
3976 2991
3976 709
3977 2468
3977 3978
3977 745
3977 3559
3977 629
3977 3119
3977 23
3977 1211
3977 442
3977 313
3977 1755
3977 3121
3977 424
3977 3266
3977 412
3977 413
3977 3598
3977 418
3977 3120
718 709
718 740
3979 745
3979 588
3979 894
3979 313
3980 709
3981 614
3981 480
3981 3254
3981 709
3982 709
3983 709
3983 2984
3983 3247
3983 944
3983 739
3983 629
3984 745
3984 894
3984 709
719 727
719 729
719 731
719 732
3985 3548
3985 3125
3985 894
3985 892
3985 745
3985 3129
3985 624
3985 621
3986 723
3986 709
3986 3065
3987 709
3987 3134
3988 746
3988 2990
3989 480
3989 3254
3990 740
3990 709
3991 709
3991 745
3991 46
714 22
717 721
739 709
743 744
745 3548
745 1395
745 3246
745 3550
745 944
749 412
752 2930
752 2977
3992 754
3993 3372
3993 754
3994 2710
3994 3350
3994 2697
3994 3370
3994 3410
3994 3351
3994 1951
3994 754
760 412
3995 2976
3995 761
3995 449
3996 761
3997 528
3997 762
3997 761
762 809
3998 2901
3998 1409
3998 2320
3998 2138
3998 763
3998 3825
3998 1965
3998 2750
3998 1898
3998 1010
3998 264
3999 238
4000 7
4000 1930
4000 547
4000 1031
4000 922
4000 2671
4001 7
4001 492
4001 1885
4001 763
4002 3825
4002 763
4003 763
4004 763
4004 860
4004 56
4005 7
4006 365
4007 1446
4008 1468
4008 150
4008 454
4008 380
4008 763
4009 1026
4009 1645
4009 476
4009 763
4009 478
4009 136
4009 3446
4009 3443
4009 3444
4009 515
4009 1578
4010 1747
4010 2730
4010 763
4010 238
4011 1747
4011 2730
4011 763
4011 238
3909 763
4012 2901
4012 1230
4012 1240
4012 2321
4012 1244
4012 451
4012 763
4012 1885
4013 564
4013 763
4013 4014
4013 2930
4015 763
4016 763
4016 2144
4017 2150
4017 2520
4017 2317
4017 3806
4017 412
767 2425
769 763
774 46
774 910
776 2826
783 236
785 783
785 772
785 2861
786 1794
787 264
787 2192
787 1273
794 1264
794 2756
794 2225
794 387
794 536
795 387
795 536
803 536
813 1211
813 236
815 412
816 311
4018 4019
824 1129
824 1130
824 1131
824 1132
824 1133
824 1134
824 443
824 1135
826 447
826 278
828 3722
840 19
848 850
848 311
848 439
848 442
848 1211
848 23
848 424
848 309
848 3119
848 441
848 1755
848 815
848 3135
848 3134
848 809
848 146
848 313
848 1271
850 439
851 253
851 313
851 1858
851 421
851 25
851 46
851 3854
851 3849
852 851
854 618
854 2183
854 1031
854 549
854 2141
854 858
854 857
854 1812
854 1824
854 1802
854 859
854 1745
854 1795
854 3244
855 313
868 869
879 23
881 746
883 3548
883 746
892 1395
892 418
892 3550
892 3247
892 746
892 10
892 133
892 172
892 894
892 745
894 3125
895 412
915 1465
917 7
918 3389
918 2005
919 2228
924 1645
926 1382
926 629
935 1755
937 1977
938 236
941 3126
941 2445
941 3350
941 1170
941 629
941 390
941 475
941 1363
941 236
942 236
942 390
942 1755
950 54
950 1817
950 264
951 781
951 56
955 46
956 910
961 958
963 1304
970 169
976 412
4020 1898
4020 979
4021 925
4021 1898
4021 2149
4021 979
983 1211
983 236
988 387
995 461
995 412
1001 378
1001 1109
1001 1407
1001 1100
1005 770
1011 1810
1011 3437
1011 1127
1011 3436
1011 461
1011 2745
1013 461
1013 1010
1014 1288
1020 264
1020 2192
1020 1273
1029 2398
1036 3567
1036 1033
1042 1795
1044 1899
1044 1784
1046 1055
1054 1055
1058 3121
1071 3618
1076 46
1077 46
1078 741
1080 313
4022 22
4022 1756
4022 2681
4022 1092
4022 198
4023 22
4023 1756
4023 2681
4023 1092
4023 198
4024 22
4024 1756
4024 2681
4024 1092
4024 198
4025 2915
4026 1222
4026 1244
4026 1245
4026 1247
4026 1263
4026 1645
4026 1721
4026 3418
4026 785
4026 238
4026 388
4026 781
4026 600
4026 264
4027 1223
4027 668
4027 1229
4027 1242
4027 2138
4027 451
4027 1965
4027 2750
4027 235
4027 1257
4027 3813
4028 1958
4028 1966
4028 7
4028 926
4028 2746
4028 2901
4029 84
4029 2835
4029 3197
4029 3598
4029 307
4029 1969
1102 412
1111 238
1124 2565
1127 462
4030 4031
4032 4031
4033 4031
4034 609
4035 4031
4035 533
4035 2399
4035 1222
4036 4031
4037 4031
4038 4031
4039 1222
4039 4031
4040 1222
4040 4031
4041 644
4042 4031
4043 4031
4044 4031
4044 782
4044 2192
4044 2756
4044 264
4044 2184
4044 1264
4044 809
4045 4031
4046 4031
4047 1222
4047 4031
4048 1222
4049 4031
4050 1222
4050 4031
4051 4031
4051 782
4051 2192
4051 2756
4051 264
4051 2184
4051 1264
4051 2226
4051 809
4052 824
4053 4054
4053 4055
4053 3851
4053 3105
4053 1128
4053 1132
4056 1128
4057 838
4057 1132
4057 3111
4057 4054
4057 1128
4057 1134
4057 4055
4057 1026
4057 58
4057 1219
4058 1128
4059 1128
4060 847
4061 443
4061 278
4061 3111
4061 1128
4061 809
4061 387
4061 146
4061 782
4061 1271
4062 838
4062 1132
4062 3111
4062 4054
4062 1128
4062 1134
4062 4055
4063 1132
4063 1128
4064 1128
4064 1943
4019 277
4019 824
4019 825
4019 828
4019 831
4019 836
4019 835
4019 837
4019 238
4019 1794
4019 857
4019 858
4019 618
4019 861
4019 864
4019 311
4019 3117
4019 848
4019 850
4019 852
4019 278
4019 441
4065 278
4065 1134
4065 1128
4066 3111
4066 838
4066 824
4067 824
4067 3104
4068 1128
4069 3111
4069 278
4069 4054
4069 1128
4069 1134
4069 4055
4069 1132
4070 823
4070 277
4070 824
4070 825
4070 826
4070 828
4070 829
4070 830
4070 831
4070 832
4070 833
4070 834
4070 835
4070 836
4070 447
4070 837
4070 838
4070 839
4070 840
4070 841
4070 842
4070 843
4070 845
4070 846
4070 847
4070 311
4070 848
4070 849
4070 850
4070 851
4070 852
4070 853
4070 278
4070 854
4070 855
4070 856
4070 7
4070 570
4070 857
4070 858
4070 618
4070 859
4070 860
4070 861
4070 862
4070 863
4070 864
1129 1128
1132 1129
1133 1128
4071 1136
4072 944
4072 1270
4072 2725
4072 64
4072 631
4072 2140
4072 2213
4072 304
4072 590
4072 2212
4073 2394
4073 1136
4074 2056
4074 2101
4074 2150
4074 3386
4074 1040
4074 238
4075 765
4075 2155
4075 1966
4075 1136
4076 1871
4076 1795
4076 3588
4076 1802
4076 1136
4077 4078
4077 1136
4079 1136
4080 1818
4080 668
4081 1136
4078 1136
4082 765
4082 1136
4083 917
4083 442
4083 3246
4083 441
4083 3207
4083 1099
4084 544
4084 2118
4084 3304
4084 1898
4084 238
4085 1763
4085 746
4085 3827
4085 653
4085 917
4085 752
4085 2730
4085 217
4086 1747
4086 131
4086 169
4086 307
4087 4088
4087 1137
4087 765
4087 4027
4087 2920
4087 746
1141 462
1145 1186
1145 1199
1147 1672
1153 3189
1160 1170
1162 1554
1162 946
1163 1755
1167 588
1167 548
1170 3629
1170 2212
1170 809
1170 491
1170 1272
1172 1645
1172 924
1174 1146
1174 1186
1174 1172
1174 1634
1174 2277
1174 1171
1174 600
1174 7
1174 924
1174 1862
1174 1200
1174 478
4089 1475
4089 4090
4091 794
4091 2223
4091 56
4091 384
4091 53
4091 2214
4091 264
4091 381
4091 58
4092 1179
4093 1336
4094 1304
4094 782
4094 386
4094 1170
4094 1645
4094 385
4094 384
4094 2192
4094 2321
4094 997
4094 264
4094 1293
4094 809
4094 3286
4094 1475
4094 1179
4094 2121
4094 2596
4094 2219
4095 413
4095 3264
4096 1075
4096 1179
4097 242
4098 1181
4098 27
4098 4099
4100 46
4100 4101
4102 1179
4103 1181
4103 1475
4099 1179
4104 3143
4104 413
4104 1179
4090 1475
4105 3200
4105 629
4105 630
4105 3126
4105 313
4105 25
4105 3202
4105 31
4105 1370
4105 54
4105 264
4105 3135
4106 2190
4107 3267
4108 1475
4109 3580
4109 31
4109 1496
4109 2987
4109 2492
4110 3117
4110 1211
4110 441
4110 313
4110 4111
4110 4101
4110 1660
4110 1181
4110 3266
4112 1007
4112 23
4112 441
4112 313
4112 1475
4113 4111
4113 54
4113 1179
4114 953
4114 313
4115 2192
4116 3200
4116 629
4116 630
4116 3126
4116 313
4116 25
4116 3202
4116 31
4116 1370
4116 54
4116 264
4116 3135
4111 1290
4111 1075
1180 292
4117 2220
4118 1182
4119 1182
4119 2668
4119 2667
4119 1929
4120 1076
4121 463
4121 2668
4121 1182
4122 1182
4123 442
4123 3221
4123 1658
4123 463
4123 2668
4123 1182
4123 1764
4123 3135
4123 1304
4123 1645
4123 2191
4123 785
4123 238
4123 441
4123 2663
4123 3117
4123 911
4123 466
4123 1264
4123 2192
4123 813
4123 468
4123 1559
4123 480
4123 3526
4123 1644
4123 752
4123 997
4123 467
4123 859
4123 787
4123 2214
4123 1090
4123 309
4123 815
4123 809
4123 313
4124 1182
4125 1182
4126 1076
4127 2667
4127 2668
4127 1182
4127 467
4128 1182
4128 466
4129 462
4130 441
4130 1211
4130 22
4130 1989
4130 463
4130 2667
4130 1182
4130 88
4130 1289
4130 3525
4130 2674
4130 3526
4130 762
4130 7
4130 2395
4130 492
4130 794
4131 929
4131 1658
4131 1913
4131 1762
4131 1182
4131 860
4132 2664
4133 860
4133 1762
4133 1913
4133 1182
4133 929
4134 1924
4134 1093
4134 1188
4134 1095
4134 2673
4135 1762
4135 1913
4135 1182
4135 929
4135 4088
4135 1898
4135 4131
4136 910
4136 1902
4136 1182
4136 3189
4136 463
4136 803
4136 913
4137 1182
4138 1182
4138 2664
4138 2669
4138 2663
4138 3372
4138 480
4138 214
4138 2691
4139 1182
4140 1182
4141 214
4141 1182
4142 762
4143 1653
4143 1190
4143 3526
4143 532
4143 1921
4143 548
4143 554
4143 7
4143 1289
4143 3527
4143 3525
4143 588
4143 600
4143 492
4143 1186
4143 1185
4143 1189
4143 1199
4143 1200
4143 2930
4143 442
4143 313
4143 1211
4143 815
4143 1065
1186 1202
1186 1199
1186 1158
1186 1156
1186 1191
1186 1192
1186 1634
1186 1195
1186 1177
1186 1194
1186 782
1186 1172
1186 1173
1186 1679
1186 2674
1186 1685
1186 687
1186 544
1198 1174
1205 1532
1209 1680
1210 1637
1211 236
1220 412
1243 2752
1253 442
1253 22
1257 3121
1258 384
1258 2192
1271 2402
1272 2354
1311 461
1318 3121
1325 1452
1325 3121
1328 3121
1335 3121
1349 770
1355 1755
1355 3121
1358 22
1361 1135
1365 1344
1365 1335
1365 1336
1366 3121
4144 3529
4144 2524
4144 3485
4144 2546
4144 3940
4144 1862
4144 1382
4144 2104
4144 1124
4144 2523
4144 3558
4144 238
4144 526
4145 549
4145 3548
4145 2540
4145 967
4145 3246
4145 1127
4145 617
4145 2973
4145 2720
4145 1125
4145 550
4145 1854
4145 1382
4145 1124
4145 2565
4145 2539
4145 1121
4145 2523
4145 745
4146 3050
4147 2262
4147 1375
4148 3050
4148 2277
4148 2209
4148 978
4148 2276
4148 549
4148 1167
4148 1382
4148 629
4148 2249
4149 549
4150 376
4150 1634
4150 859
4150 1002
4150 1109
4150 2277
4150 855
4150 1299
4150 266
4150 1932
4150 925
4150 434
4151 978
4152 2185
4152 2277
4152 3189
4152 120
4152 1125
4152 385
4152 1308
4152 2268
4152 264
4152 54
4152 1167
4152 629
4152 1382
4152 551
4152 787
4152 2214
4152 978
4152 809
4153 2185
4153 2277
4153 3189
4153 120
4153 169
4153 1125
4153 385
4153 1308
4153 2268
4153 264
4153 54
4153 1167
4153 629
4153 1382
4153 551
4153 787
4153 2214
4153 978
4153 809
4154 967
4154 3246
4155 2524
4155 2085
4156 3219
4157 746
4157 3548
4157 3246
4157 886
4157 894
4158 2834
4158 3884
1373 1372
1378 1375
1389 3558
1392 1755
1392 2185
1392 3536
1392 578
1392 629
1392 1862
1392 1382
1392 238
1392 3389
1392 3266
4088 1755
4088 1124
4088 1396
4088 3487
4088 552
4088 1125
4088 1913
4088 1914
4088 635
4088 584
4088 625
4088 3125
4088 22
4088 3118
4088 1756
4088 2977
4088 605
4159 238
4159 473
4159 2233
4159 1297
4159 3558
4159 1396
4159 1966
4160 7
4160 1929
4160 84
4160 1745
4160 2585
1398 480
4161 7
4161 2973
4161 3246
4161 549
4161 3569
4161 2896
4161 4162
4161 1745
4161 752
4161 2977
4161 3525
4161 629
4161 1763
4163 2323
4163 1404
4163 221
4163 567
4163 585
4163 238
4163 1270
4163 1037
4163 2096
4163 266
4163 2090
4163 1878
4163 1401
4163 2056
4163 3598
4164 1401
4165 484
4165 4164
4165 1401
4166 631
1402 631
1404 631
1404 592
1411 1763
1411 1883
1415 313
1430 3121
1430 1755
1435 2398
1435 1578
1437 46
1437 1435
1437 1071
1437 1072
1438 1547
1438 46
1438 1071
1438 3125
1438 279
1438 1780
1438 581
1440 20
1440 1335
1440 46
1453 1440
1453 1071
1468 442
1473 1452
1473 1479
1473 1339
1473 1495
1473 1471
1473 1511
1473 1522
1473 1528
1473 1554
1477 998
1477 1109
1501 1756
1501 22
1505 1026
1505 1071
1505 3286
1530 1437
1530 1438
1530 313
4167 1563
4167 4014
1562 762
1563 7
1601 1604
1601 1602
1601 1605
1601 396
1601 365
1601 1600
1601 421
1608 1407
1640 139
1640 2674
1641 139
1641 2674
1642 1641
1643 1654
1643 384
1645 809
1654 1192
1658 815
1658 22
1663 1662
1665 238
1674 794
1680 1645
1697 1186
1698 150
1698 1551
1698 3115
1698 1211
1698 313
1699 600
1699 625
1699 31
1699 20
1699 304
1699 415
1699 3460
1699 475
1699 478
1699 476
1699 3552
1699 621
1699 622
1699 623
1699 627
1699 3559
1699 1700
1699 624
1701 2674
1701 3229
1703 1194
1708 1709
1709 14
1710 461
1713 1715
1714 1715
1716 1339
1716 1715
1719 84
1719 762
1721 1645
1721 84
1721 2673
1727 1755
1738 219
1738 1882
1738 354
1739 400
1739 3544
1752 3121
1752 1211
1752 1755
1752 1264
1752 1270
1752 1271
1752 247
1752 388
1752 1282
1752 1288
1752 1281
1752 780
1752 58
1752 1283
1752 1284
1752 1285
1752 1286
1752 1287
1752 1289
1752 1278
1752 1290
1752 1274
1752 600
1752 379
1752 1277
1752 1268
1752 1267
1752 1291
1752 1292
1752 401
1752 1293
1752 1294
1752 682
1752 1295
1752 1296
1752 1297
1752 1298
1752 375
1752 1299
1752 378
1752 1300
1752 1301
1752 380
1752 1302
1752 1303
1752 1304
1752 1305
1752 1306
1752 1307
1752 1308
1752 1309
1752 1310
1752 1311
1752 1312
1752 1215
1752 1313
1752 3115
1752 314
1752 441
1752 23
1752 3118
1752 815
1752 313
1756 412
1763 1824
1763 862
1763 22
1763 25
1763 813
1763 23
1764 236
1767 554
1767 2399
1772 946
1779 441
1780 1794
1782 416
1784 3352
1786 22
1787 2178
1788 63
1788 631
1788 387
1789 3130
1792 570
1792 607
1794 585
1795 570
1795 607
1799 475
1801 3130
1806 7
1809 2973
1809 1806
1809 2920
1809 3558
1809 3434
1809 541
1809 565
1809 238
1809 1745
1809 1747
1816 3121
1816 1755
1817 264
1824 7
1832 1838
1832 1848
1832 1847
1832 398
1832 1881
1832 1882
1832 1879
1832 1883
1832 1824
1832 1839
1832 1840
1832 1842
1832 1841
1832 221
1832 1880
1832 1869
1833 1844
1833 1838
1833 1848
1833 1847
1833 1850
1833 1851
1833 1852
1833 1849
1833 1853
1833 1854
1833 3559
1833 1867
1833 1843
1833 629
1833 978
1833 2040
1833 54
1834 1847
1834 1880
1834 1868
1834 1870
1834 1872
1834 264
1834 1879
1834 1881
1834 1882
1835 3200
1840 1851
1846 1848
1846 2540
1846 966
1853 1854
1857 442
1857 14
1857 1071
1857 2882
1857 473
1857 2973
1857 303
1857 942
1857 2091
1857 1954
1857 604
1857 1928
1857 551
1857 1894
1857 1751
1857 26
1857 3189
1857 2101
1857 1932
1857 1275
1857 3386
1857 2155
1857 1843
1857 929
1857 746
1857 59
1857 2085
1857 1939
1857 1858
1857 3569
1857 1475
1858 313
1861 3618
1861 1392
1861 1653
1861 217
1861 304
1861 782
1861 2730
1861 2892
1861 2129
1861 3410
1861 606
1861 2173
1861 693
1861 1645
1861 554
1861 3489
1861 221
1861 2275
1861 2128
1861 2104
1861 2495
1861 635
1861 485
1861 1953
1861 588
1861 942
1861 2209
1861 1868
1861 1788
1861 1862
1861 629
1861 803
1861 630
1861 2140
1861 3279
1861 1270
1861 3525
1861 2156
1861 1188
1861 1297
1861 492
1861 3295
1861 1040
1861 2144
1861 3598
1861 2573
1861 809
1861 2277
1862 1382
1862 629
1863 592
1863 1755
1863 631
1868 1878
1870 7
1873 2835
1878 551
1882 3544
1890 2746
1890 313
1890 1211
1890 1010
1891 2744
1893 565
1894 570
1894 607
1896 570
1896 607
1897 607
1897 570
1897 461
1905 3352
1905 580
1905 813
1905 857
4168 1910
4168 859
4168 169
4168 238
4168 2931
4168 1563
4168 547
4168 618
4168 60
4168 1930
1917 485
1922 1645
1925 442
1925 1211
1925 313
1925 3117
1933 762
1933 7
1933 926
1933 588
1933 492
1933 58
1947 1862
1947 770
1950 3364
1950 3400
1950 3354
1953 1794
1954 387
1954 592
1954 3413
1954 595
1954 631
1954 63
1955 1240
1955 631
1955 387
1955 385
1955 1755
1956 631
1956 2322
1956 3295
1956 66
1956 593
1956 1954
1956 3394
1956 72
1956 71
1956 2140
1956 3569
1956 63
1956 473
1956 385
1957 631
1966 238
1966 547
1967 462
1969 762
1975 565
1976 585
4169 1978
4169 2920
1979 631
1979 1984
1981 1878
1984 631
1984 592
1985 631
2002 46
2002 2013
2002 3608
2002 3593
2002 393
2002 14
2003 3596
2003 2002
2003 3616
2003 3563
2003 2019
2003 2018
2003 2053
2010 515
2014 412
2017 2023
2017 2053
2023 46
2023 1755
2023 412
2023 1243
2029 421
2046 412
2062 3510
2062 1898
2080 2096
2085 486
2085 1755
2098 412
2106 1071
2106 25
2106 313
2108 1475
2129 3364
2129 3400
2129 3354
2131 412
2135 636
2135 3522
2135 3515
2136 2056
2136 2148
2136 16
2136 15
2136 2150
2136 2070
2136 3598
2136 2104
2136 3570
2140 63
2140 631
2140 387
2155 3446
2155 46
2155 15
2156 400
2156 3544
2159 412
2171 3629
2171 2363
2174 3629
2174 217
2175 2354
2175 2363
2183 565
2192 54
2192 1817
2192 264
2195 579
2198 3290
2198 3380
2198 1784
2198 3400
2198 2129
2198 2697
2198 2969
2200 1219
2202 2220
2202 579
2203 2196
2209 630
2209 629
2213 3633
2216 476
2224 3121
4170 2230
4171 221
4171 3462
4172 238
4172 2230
4172 3462
4173 3462
4174 1894
4174 2230
4175 2230
4176 2230
4177 2957
4177 2230
2231 1794
2247 2287
2254 169
2260 412
2264 1755
2264 548
2270 3205
2270 548
2272 2256
2273 421
2273 813
2275 2010
2275 2185
2277 1071
2277 3121
2277 1755
2306 236
4178 238
4178 1763
4178 388
4178 264
4178 1762
4178 22
4178 25
4178 813
4179 1739
4179 565
4179 570
4179 53
4179 56
4179 2404
4179 1885
4179 80
4179 643
4179 862
4179 22
4180 1763
4180 1829
4180 450
4180 1883
4181 2330
2322 1240
2322 631
2322 387
2322 385
2322 1755
2328 7
2331 3267
2334 556
2336 2337
2336 2343
2340 2336
2340 2339
2340 2341
2340 2337
2340 2395
2344 1170
2348 2336
2350 2336
2350 2348
2354 3629
2354 2212
2354 809
2354 491
2354 1272
2358 2357
2358 491
2363 1170
2367 3629
2369 2363
2381 2212
2382 2373
2392 2381
2396 55
2401 809
2403 693
2405 54
2405 1817
2405 264
4182 2406
4183 2406
4184 2406
4185 2406
4186 2406
4187 2406
4188 2406
4189 2406
4189 2431
4190 2406
4191 2406
4191 570
4192 2406
4193 2406
4193 572
4193 238
4193 782
4193 221
4193 1893
4193 579
4193 3354
4194 2406
2408 2184
2411 2756
2413 794
2417 1293
2428 412
2429 2752
2429 412
2430 150
2432 2418
2432 2413
4195 54
4195 1021
4195 3563
4195 1446
4195 150
4195 416
4195 1467
4195 418
4195 3077
4195 1258
4195 1251
4195 1255
4195 572
4195 31
4195 2440
4195 617
4195 3575
4195 947
4195 745
4195 442
4195 441
4195 23
4195 815
4195 1211
4195 313
4195 18
2442 462
2445 412
2445 3121
2453 3591
2453 3613
2456 2458
2457 2462
2462 1026
2462 3277
2462 303
2477 289
2481 412
2483 1435
2489 3115
2489 441
2489 1211
2489 1755
2489 313
2491 3611
2491 2157
2491 3305
2491 631
2491 22
2491 3301
2491 54
2491 1858
2491 31
2491 3591
2491 2454
2491 238
2491 38
2491 594
2491 595
2491 390
2491 782
2491 26
2491 1645
2491 572
2491 2384
2491 3189
2491 379
2491 3277
2491 1864
2491 376
2491 3312
2491 2149
2493 60
2496 971
2497 2505
2498 412
2501 2674
2504 2484
4196 2511
4196 239
4197 2511
2520 412
2537 2540
2546 398
2576 781
2576 56
4198 2110
4198 4199
4200 4199
4200 3413
4200 219
4200 220
4200 585
4200 238
4200 221
4200 222
4201 2110
4201 4199
4201 3601
2586 470
2591 2637
2600 238
2602 1794
2613 2615
2614 2615
2642 412
4202 1228
4202 2759
4202 644
4202 2655
4202 2650
4202 2658
4203 2650
4204 2657
4204 2658
4205 385
4205 533
4205 1228
4205 2653
4205 1756
4206 2657
4207 2657
4207 2658
4207 2650
4208 1228
4208 2937
4208 2657
4208 2650
4208 2658
2662 1937
2671 1755
2674 536
2684 1756
2687 1411
2694 2157
4209 2669
4209 421
4209 1929
4210 1929
4210 84
4211 1929
4212 1911
4212 618
4212 1036
4212 3434
4212 2146
4212 1730
4212 238
4212 1927
4212 1928
4212 1929
4212 2150
4212 1932
4212 1934
4212 1935
4212 1936
4212 384
4212 2663
4212 1939
4212 1784
4212 1941
4212 1942
4212 1943
4212 1947
4212 1944
4212 2129
4212 1951
4212 1862
4212 631
4212 2322
4212 1958
4212 266
4212 1964
4212 1962
4212 1963
4212 1933
4212 1957
4212 561
4212 1040
4212 670
4212 549
4212 264
4212 1971
4212 1646
4212 1974
4212 221
4212 1893
4212 572
4213 1031
4213 1929
4213 2157
4213 304
4213 475
4213 478
4213 476
4214 1929
4214 271
4215 3634
4215 2975
4215 3187
4215 238
4215 924
4215 475
4215 478
4215 476
4215 2220
4215 2826
4215 3779
4215 2872
4215 1726
4215 1730
4215 1734
4215 1845
4216 3386
4216 221
4216 1270
4216 1929
4216 238
4216 2909
4217 1653
4217 2669
4217 1924
4217 2670
4217 762
4217 7
4217 2157
4217 1929
4217 3229
4217 752
4218 1779
4218 2669
4218 2670
4218 1924
4218 7
4218 1653
4218 1929
4218 2157
4219 1730
4219 1845
4219 2150
4219 1808
4219 1747
4219 1898
4219 3489
4219 635
4219 238
4219 480
4219 1794
4219 1543
4219 384
4219 2192
4219 264
4219 458
4219 1398
4219 467
4219 473
4219 2910
4219 2598
4219 745
4219 765
4220 653
4220 1950
4220 1951
4220 1928
4220 1929
4220 1973
4220 1974
4220 565
4220 1975
4220 1976
4220 1931
4220 1934
4220 1948
4220 1944
4220 1885
4220 1965
4220 1919
4220 1966
4220 1920
4220 1932
4220 1961
4220 1926
4220 549
4220 1924
4221 1929
4222 7
4222 2920
4222 1929
4222 2437
4222 84
4222 1002
4223 557
4223 2955
4224 1929
4225 1653
4225 2669
4225 1924
4225 2670
4225 762
4225 7
4225 2157
4225 1929
4225 3229
4225 752
4226 1929
4227 1929
4228 214
4228 760
4228 2669
4228 2670
4228 1924
4228 7
4228 1653
4228 1929
4228 2157
4229 1653
4229 2669
4229 2667
4229 1924
4229 2670
4229 762
4229 2673
4229 7
4229 2157
4229 1929
4229 3229
4229 592
4229 2398
4229 2675
4229 2710
4229 214
4229 2679
4229 2677
4229 2676
4229 2684
4229 745
4229 2687
4229 624
4229 22
4230 1929
4231 2437
4231 1929
4232 238
4232 2920
4232 1929
4232 2437
4232 555
4232 1645
4232 2896
4232 2910
4232 638
4233 2437
4233 1929
4233 2920
4234 1929
4234 84
4234 2149
4235 1221
4235 2667
4235 528
4235 1222
4235 1223
4235 1726
4235 304
4235 1224
4235 1225
4235 1226
4235 1730
4235 2673
4235 1289
4235 1229
4235 635
4235 248
4235 1231
4235 1232
4235 1233
4235 1234
4235 1235
4235 1236
4235 924
4235 475
4235 1237
4235 1238
4235 1240
4235 1241
4235 1242
4235 1243
4235 1244
4235 1733
4235 1734
4235 1805
4235 1245
4235 1246
4235 1105
4235 1247
4235 1248
4235 1249
4235 244
4235 1252
4235 1254
4235 1255
4235 1256
4235 2224
4235 1258
4235 514
4235 1261
4235 1262
4235 1263
4236 1808
4236 635
4236 2108
4236 916
4236 664
4236 855
4236 2125
4236 1898
4236 3520
4236 15
4236 221
4236 3389
4236 1929
4236 4027
4236 859
4236 1747
4236 706
4236 2896
4236 555
4236 1958
4236 2103
4236 3386
4236 1966
4236 1864
4236 556
4236 862
4236 1824
2698 2704
2699 2704
2699 2700
2700 581
2700 579
2700 2699
2702 581
2703 2396
2703 301
2703 1026
2703 2708
2716 2697
2716 2698
2716 2699
2716 2700
2716 2701
2716 2702
2716 2703
2716 2704
2716 2705
2716 2706
2716 2707
2716 2708
2716 2709
2716 2710
2716 2711
2716 25
2716 2712
2716 2713
2716 2714
2716 2715
4237 2717
2718 1979
2720 485
2720 486
2727 221
2727 2730
2727 222
2727 1794
2727 585
2727 1270
2727 3431
2727 2750
2734 1739
2735 221
2735 2738
2735 566
2737 1794
2737 585
2738 221
2745 2744
2746 1010
2749 244
2750 244
2750 239
2752 2417
2752 2395
2756 794
2760 264
2781 2837
2781 238
2781 2783
2781 909
2781 7
2781 2786
2781 3576
2781 2874
2781 2873
2781 2821
2781 2787
2781 554
2781 812
2781 2826
2781 2839
2781 2836
2781 2813
2781 2762
2783 2864
2783 2827
2800 462
2801 2840
2803 863
2813 2818
2813 912
2813 2817
2813 805
2821 2657
2821 4208
2821 2655
2821 2658
2823 2798
2823 2825
2823 2826
2823 2829
2823 2828
2825 1221
2830 1403
2837 785
2837 554
2853 280
2855 2854
2855 2843
2858 2859
2861 554
2862 2866
2865 412
2868 2859
2874 2291
2874 2762
2875 412
2879 421
2879 46
2879 316
2879 2882
2879 279
2879 1547
2881 3126
2882 3119
2882 151
2882 1858
2882 998
2882 2484
2882 1071
2882 46
2882 313
2882 2987
2882 3121
2882 981
2882 427
2882 3571
2882 3266
2882 1435
2882 950
2898 557
2913 2402
2913 2395
2913 1188
2913 554
2913 631
2913 3544
2913 762
2913 3397
2916 1818
2930 752
2930 2191
2933 462
2939 236
2940 1576
2948 1211
2949 1211
2952 2918
2965 3115
2965 23
2965 1211
2965 22
2977 752
2977 2191
2978 1794
2978 1883
2987 26
2991 76
2991 813
2991 309
2991 25
2991 46
2991 313
3001 1755
3002 412
3066 313
3073 412
3084 236
3094 1199
3095 1755
3098 1135
3105 2186
3105 304
3105 1440
3121 1211
3128 1468
3128 1466
3128 150
3128 151
3128 22
3128 16
3128 1211
3128 1755
3128 1766
3128 3364
3128 3401
3128 593
3128 2140
3128 1940
3128 2056
3128 1772
3129 745
3129 894
3129 589
3129 3254
3129 3127
3129 895
3131 3130
3139 462
3142 1794
3145 1211
3145 1750
3145 551
3145 670
3145 3587
3145 2704
3145 1766
3148 3121
3160 3157
3160 1772
3163 462
3168 3200
3168 3140
3172 774
3172 797
3172 2783
3172 3173
3172 2818
3172 806
3173 2783
3173 789
3173 806
3173 2818
3177 3186
3177 3632
3178 313
3178 1883
3179 786
3186 60
3186 1784
3187 3352
3187 1784
3189 1959
3195 2440
3195 390
4238 3204
3230 2674
3231 2969
3231 3229
3231 480
3232 2674
3233 536
3233 2674
3233 3227
3233 387
3233 480
3233 2752
3233 3286
3248 745
3254 544
3254 762
3255 624
3256 745
3256 894
3256 589
3256 3254
3256 3127
3256 895
3258 19
3258 236
3258 3266
3258 1211
3258 313
3258 1071
3258 413
3259 3266
3259 762
3260 413
3262 236
3267 416
3269 2224
3272 2224
3275 2398
3280 3365
3280 3379
3284 2396
3284 303
3286 3121
3286 682
3288 3282
3292 631
3292 3373
3295 387
3295 631
3300 3299
3311 2484
3311 3371
3311 303
3315 31
3315 3575
3315 48
3315 950
3317 390
3332 3328
3332 2697
3332 3333
3332 3335
3332 2710
3332 3331
3339 60
3342 3218
3342 2157
3342 3330
3342 3331
3352 3187
3361 592
3361 770
3361 631
3361 387
3362 2703
3362 303
3364 1784
3364 2704
3366 146
3366 2198
3366 3365
3372 387
3372 631
3372 63
3378 303
3379 2704
3379 515
3379 413
3379 2756
3379 3280
3379 2196
3379 1026
3379 582
3379 3399
3379 475
3379 3618
3379 3266
3379 1071
3381 1026
3381 1071
3386 3405
3387 1010
3390 1864
3391 2454
3406 3459
3406 3430
3406 3633
3407 1029
3412 536
3412 592
3416 387
3416 631
3416 64
3416 1755
3420 570
3422 570
3428 598
3428 3633
3430 2212
3430 2381
3436 1288
3437 2746
3437 313
3437 1211
3437 1010
3440 1755
3447 3456
3447 1089
3448 1089
3453 1089
3457 3442
3465 22
3470 1862
3470 1167
3472 1862
3474 236
3490 3558
3490 1862
3490 549
3495 3496
3498 3495
3503 3504
3510 636
3510 3522
3510 3515
3514 3510
3523 1270
4239 3524
4240 1893
4240 562
4240 442
4240 3524
4240 3489
4241 1289
4241 3524
3527 548
3527 58
3527 3286
3527 56
3527 794
3527 1438
3527 2882
3529 1755
3529 2185
3529 3536
3529 578
3529 629
3529 1862
3529 1382
3529 238
3529 3389
3529 3266
3534 549
3534 1992
3534 3535
3534 588
3534 1526
3535 2185
4242 1882
4242 219
4242 238
4242 3538
4242 3542
4242 752
4243 1837
4243 4244
4243 238
4243 1125
4243 221
4243 1794
4243 1854
4243 3538
4243 2546
4245 3542
4245 3538
4245 2551
4245 222
4245 221
4245 2750
4245 239
4245 1898
4245 15
4244 1854
4244 2546
4244 1853
4244 3538
4246 3544
4246 400
3938 461
3938 4244
3938 238
3938 1854
3938 3538
3938 2546
4247 3389
4247 3538
4247 925
4247 25
4247 665
4247 1898
4247 1808
4247 594
4247 3406
4247 7
4247 476
4247 478
4247 3569
4247 762
4248 4244
4248 1125
4248 1854
4248 3538
4248 2546
4248 238
3539 3538
3543 371
3543 539
3545 3544
3548 746
3554 2674
3555 1040
3558 3266
3563 3570
3563 2453
3563 2053
3563 2003
3563 2042
3564 3433
3564 1289
3564 1010
3567 3121
3567 77
3572 3600
3572 572
3577 1816
3582 1755
3594 46
3597 791
3605 1755
3608 46
3608 14
3608 15
3608 530
3608 3571
3613 46
3613 3121
3613 1755
3613 412
3616 3121
3616 2023
3619 3629
3619 2212
3619 809
3619 491
3619 1272
3620 548
3628 461
3629 1170
3632 786
3632 1795
4249 2374
4249 121
4249 2375
4249 2376
4249 2377
4249 2378
4249 2379
4249 3634
4249 2384
4249 2381
4249 2213
4249 2383
4249 3665
4249 3633
4250 2373
4251 2373
4252 3629
4252 2977
4252 1268
4252 393
4252 629
4253 2376
4253 2377
4253 2378
4253 2381
4253 3661
4253 2379
4253 3634
4253 2375
4253 2373
4253 2374
4253 2384
4253 2213
4253 3633
4253 121
4253 2383
4253 3665
